[(1987, 4840)]
[(1966, 4725)]
[(1999, 4835)]
[(1977, 4720)]
[(1979, 4725)]
[(2011, 4830)]
[(2011, 4830)]
[(2011, 4830)]
[(1989, 4714)]
[(1989, 4714)]
[(1989, 4714)]
[(1989, 4714)]
[(1989, 4714)]
[(1987, 4709)]
[(2009, 4825)]
[(2011, 4830)]
[(2009, 4824)]
[(2009, 4824)]
[(1976, 4719)]
[(1932, 4617)]
[(1878, 4525)]
[(1918, 4743)]
[(1918, 4743)]
[(1825, 4507)]
[(1736, 4204)]
[(1736, 4204)]
[(1671, 4099)]
[(1625, 4105)]
[(1625, 4105)]
[(1688, 4504)]
[(1639, 4511)]
[(1483, 3936)]
[(1566, 4517)]
[(1518, 4620)]
[(1369, 4033)]
[(1369, 4033)]
[(1430, 4518)]
[(1393, 4517)]
[(1356, 4417)]
[(1356, 4417)]
[(1355, 4516)]
[(1308, 4316)]
[(1308, 4316)]
[(1308, 4316)]
[(1308, 4316)]
[(1285, 4218)]
[(1296, 4314)]
[(1134, 2872)]
[(1134, 2872)]
[(1117, 2806)]
[(1109, 2742)]
[(1109, 2742)]
[(1566, 4424)]
[(1567, 4429)]
[(1567, 4429)]
[(1569, 4533)]
[(1530, 4429)]
[(1530, 4429)]
[(1530, 4429)]
[(1529, 4425)]
[(1528, 4419)]
[(1528, 4419)]
[(1527, 4415)]
[(1527, 4415)]
[(1527, 4415)]
[(1527, 4415)]
[(1526, 4411)]
[(1514, 4410)]
[(1514, 4410)]
[(1514, 4410)]
[(1514, 4410)]
[(1514, 4409)]
[(1488, 4309)]
[(1488, 4309)]
[(1488, 4309)]
[(1488, 4309)]
[(1500, 4309)]
[(1500, 4309)]
[(1487, 4212)]
[(1487, 4212)]
[(1473, 4115)]
[(1485, 4115)]
[(1510, 4206)]
[(1508, 4111)]
[(1508, 4111)]
[(1508, 4111)]
[(1520, 4108)]
[(1544, 4199)]
[(1530, 4105)]
[(1531, 4109)]
[(1531, 4109)]
[(1573, 4307)]
[(1573, 4307)]
[(1573, 4307)]
[(1574, 4311)]
[(1574, 4311)]
[(1573, 4307)]
[(1587, 4407)]
[(1561, 4307)]
[(1561, 4307)]
[(1560, 4303)]
[(1534, 4210)]
[(1534, 4210)]
[(1534, 4210)]
[(1534, 4210)]
[(1534, 4210)]
[(1509, 4115)]
[(1495, 4021)]
[(1495, 4021)]
[(1495, 4021)]
[(1495, 4021)]
[(1495, 4021)]
[(1495, 4017)]
[(1495, 4017)]
[(1495, 4015)]
[(1495, 4015)]
[(1495, 4015)]
[(1495, 4015)]
[(1495, 4015)]
[(1482, 3926)]
[(1481, 3924)]
[(1481, 3924)]
[(1481, 3924)]
[(1481, 3924)]
[(1469, 3837)]
[(1469, 3837)]
[(1469, 3837)]
[(1469, 3837)]
[(1469, 3837)]
[(1469, 3837)]
[(1469, 3837)]
[(1469, 3837)]
[(1469, 3837)]
[(1469, 3837)]
[(1469, 3837)]
[(1469, 3837)]
[(1469, 3837)]
[(1469, 3837)]
[(1469, 3837)]
[(1469, 3837)]
[(1469, 3837)]
[(1469, 3837)]
[(1493, 3925)]
[(1493, 3925)]
[(1493, 3925)]
[(1480, 3834)]
[(1491, 3833)]
[(1491, 3833)]
[(1478, 3745)]
[(1502, 3832)]
[(1502, 3832)]
[(1502, 3832)]
[(1478, 3745)]
[(1501, 3828)]
[(1478, 3742)]
[(1490, 3827)]
[(1466, 3741)]
[(1466, 3741)]
[(1466, 3741)]
[(1476, 3734)]
[(1476, 3734)]
[(1511, 3818)]
[(1485, 3642)]
[(1557, 3895)]
[(1551, 3709)]
[(1499, 3373)]
[(1499, 3373)]
[(1592, 3691)]
[(1619, 3585)]
[(1576, 3327)]
[(1648, 3562)]
[(1652, 3462)]
[(1624, 3299)]
[(1624, 3299)]
[(1632, 3285)]
[(1656, 3361)]
[(1656, 3361)]
[(1649, 3265)]
[(1681, 3323)]
[(1681, 3323)]
[(1650, 3155)]
[(1626, 2971)]
[(1671, 3107)]
[(1639, 2934)]
[(1643, 2799)]
[(1710, 2992)]
[]
[]
[]
[]
[(2185, 2107), (1668, 4155)]
[(2052, 1680), (1621, 3866)]
[(2179, 1939), (1674, 4047)]
[(2078, 1619), (1643, 3858)]
[(2092, 1555), (1648, 3757)]
[(2092, 1555), (1648, 3757)]
[(2121, 1535), (1654, 3656)]
[(2203, 1693), (1705, 3826)]
[(2217, 1642), (1700, 3733)]
[(2217, 1642), (1700, 3733)]
[(2132, 1395), (1683, 3637)]
[(2145, 1346), (1677, 3541)]
[(2280, 1592), (1703, 3623)]
[(2221, 1427), (1687, 3534)]
[(2443, 1828), (1711, 3611)]
[(2730, 2349), (1711, 3611)]
[(2667, 2187), (1678, 3428)]
[(2607, 2031), (1663, 3342)]
[(3278, 3228), (1688, 3419)]
[(1672, 3333)]
[(1657, 3248)]
[(2305, 1345), (1654, 3238)]
[(2305, 1345), (1654, 3238)]
[(2426, 1556), (1654, 3234)]
[(2378, 1433), (1638, 3151)]
[(2405, 1440), (1600, 2993)]
[(2405, 1440), (1600, 2993)]
[(2439, 1484), (1378, 3583)]
[(2482, 1530), (1333, 3499)]
[(2482, 1530), (1333, 3499)]
[(1302, 3503), (1682, 860)]
[(1259, 3423), (1641, 974)]
[(1220, 3273), (1603, 738)]
[(1220, 3273), (1609, 579)]
[(1238, 3425), (1542, 794)]
[(1197, 3346), (1544, 679)]
[(1159, 3196), (1474, 819)]
[(1167, 3269), (1474, 655)]
[(1113, 3054), (1425, 837)]
[(1077, 2911), (1393, 954)]
[(1789, 335), (1098, 3117)]
[(1806, 384), (1113, 3261)]
[(1659, 135), (1060, 3041)]
[(1559, -8), (1012, 2967)]
[(1586, 75), (1025, 3105)]
[(1504, -67), (975, 2894), (1302, 930)]
[(1460, -116), (904, 2758), (1273, 1004)]
[(1484, -37), (936, 3160), (1270, 955)]
[(1484, -37), (936, 3160), (1227, 954)]
[(1424, -143), (845, 2751), (1195, 1099)]
[(1621, 597), (814, 2878)]
[(1621, 597), (814, 2878)]
[(1581, 520), (773, 2683)]
[(1535, 433), (746, 2556)]
[(1535, 433), (746, 2556)]
[(1515, 356), (767, 2932)]
[(1459, 250), (739, 2798)]
[(1058, -522), (2145, 1570), (688, 2546)]
[(999, -557), (636, 2424)]
[(999, -557), (636, 2424)]
[(926, -698), (591, 2200)]
[(926, -698), (591, 2200)]
[(867, -814), (559, 2036)]
[(867, -814), (559, 2036)]
[(2611, 2625), (812, -923), (529, 1888)]
[(2624, 2650), (756, -1033), (510, 1793)]
[(2624, 2650), (756, -1033), (510, 1793)]
[(699, -1146), (2772, 2940), (492, 1700)]
[(699, -1146), (2772, 2940), (492, 1700), (485, -66)]
[(699, -1146), (2772, 2940), (492, 1700), (461, -167)]
[(3073, 3529), (938, 3916), (466, 134)]
[(3073, 3529), (938, 3916), (466, 134)]
[(3244, 3866), (777, 3110), (437, 219)]
[(3810, 4978), (495, -1547), (384, 198)]
[(464, -1609), (384, 198)]
[(464, -1609)]
[(464, -1609)]
[(464, -1609), (231, 365)]
[(3356, 4088), (405, -1727), (237, 446)]
[(3356, 4088), (405, -1727), (198, 332)]
[(3356, 4088), (405, -1727), (203, 389)]
[(3356, 4088), (405, -1727), (1616, 406), (166, 316)]
[(3356, 4088), (405, -1727), (1616, 406), (166, 316)]
[(3356, 4088), (405, -1727), (1069, 2947), (152, 382)]
[(2832, 2714), (993, 2732), (138, 344)]
[(2832, 2714), (985, 2753), (154, 508)]
[(2832, 2714), (960, 2705), (155, 561)]
[(2832, 2714), (1474, 1168), (156, 564)]
[(2832, 2714), (1451, 1240), (208, 1072)]
[(2832, 2714), (1451, 1240), (208, 1072)]
[(2832, 2714), (1438, 1502), (311, 2131)]
[(3017, 3189), (1438, 1527), (312, 2133)]
[(3017, 3189), (1428, 1555), (381, 3330)]
[(2767, 2535), (1409, 183)]
[(2745, 2477), (1409, 183)]
[(2745, 2477), (1410, 203)]
[(2745, 2477), (1410, 203)]
[(2745, 2477), (1410, 203)]
[(2723, 2420), (1405, 250)]
[(2723, 2420), (1405, 250)]
[(2723, 2420), (1400, 271)]
[(2745, 2477), (1400, 271)]
[(1462, 104), (180, -2265)]
[(1468, 126), (183, -2256)]
[(1468, 126), (183, -2256)]
[(1468, 126), (183, -2256)]
[(1468, 126), (185, -2253)]
[(1468, 126), (185, -2253)]
[(1468, 126), (185, -2253)]
[(1460, 121), (188, -2243)]
[(1460, 121), (188, -2243)]
[(1460, 121), (188, -2243)]
[(1475, 148), (190, -2239)]
[(1475, 148), (190, -2239)]
[(1475, 148), (190, -2239)]
[(1460, 121), (192, -2236)]
[(1477, 152), (194, -2232)]
[(1477, 152), (194, -2232)]
[(1477, 152), (194, -2232)]
[(1477, 152), (194, -2232)]
[(1477, 152), (196, -2228)]
[(1477, 152), (196, -2228)]
[(1477, 152), (196, -2228)]
[(1477, 152), (194, -2230)]
[(1477, 152), (193, -2233)]
[(1477, 152), (193, -2233)]
[(1477, 152), (193, -2233)]
[(1477, 152), (189, -2239)]
[(1477, 152), (188, -2243)]
[(1477, 152), (188, -2243)]
[(1477, 152), (184, -2249)]
[(1477, 152), (184, -2249)]
[(1477, 152), (184, -2249)]
[(1483, 174), (182, -2250)]
[(1483, 174), (182, -2250)]
[(1486, 179), (182, -2251)]
[(1486, 179), (182, -2251)]
[(195, -2227), (1471, 151), (-1116, 3370)]
[(197, -2224), (1471, 151), (-1077, 2864)]
[(197, -2224), (1471, 151), (-1077, 2864)]
[(197, -2224), (1471, 151), (-1193, 3373)]
[(197, -2224), (1471, 151), (-1142, 2795)]
[(197, -2224), (1471, 151), (-1201, 2669)]
[(197, -2224), (1471, 151), (-1363, 3302)]
[(197, -2224), (1471, 151), (-1292, 2671)]
[(197, -2224), (1471, 151), (-1353, 2603)]
[(197, -2224), (1471, 151), (-1468, 3009)]
[(197, -2224), (1471, 151), (-1468, 3009)]
[(197, -2224), (1471, 151), (-1405, 2542)]
[(197, -2224), (1471, 151), (-1456, 2412)]
[(197, -2224), (1471, 151), (-1614, 2927)]
[(197, -2224), (1471, 151), (-1763, 3119)]
[(197, -2224), (1471, 151), (-1675, 2618)]
[(197, -2224), (1471, 151), (-1908, 3315)]
[(197, -2224), (1471, 151), (-2170, 4100)]
[(197, -2224), (1471, 151)]
[(197, -2224), (1471, 151)]
[(197, -2224), (1471, 151)]
[(197, -2224), (1471, 151)]
[(197, -2224), (1471, 151)]
[(197, -2224), (1471, 151)]
[(197, -2224), (1471, 151)]
[(197, -2224), (1471, 151)]
[(197, -2224), (1471, 151)]
[(197, -2224), (1471, 151)]
[(197, -2224), (1471, 151)]
[(197, -2224), (1471, 151)]
[(197, -2224), (1471, 151)]
[(197, -2224), (1471, 151)]
[(197, -2224), (1471, 151)]
[(197, -2224), (1471, 151)]
[(197, -2224), (1471, 151)]
[(197, -2224), (1471, 151)]
[(197, -2224), (1471, 151)]
[(197, -2224), (1471, 151)]
[(197, -2224), (1471, 151)]
[(197, -2224), (1471, 151)]
[(197, -2224), (1471, 151)]
[(197, -2224), (1471, 151)]
[(197, -2224), (1471, 151)]
[(197, -2227), (1465, 129)]
[(197, -2224), (1471, 151)]
[(197, -2224), (1471, 151)]
[(196, -2218), (1484, 196)]
[(197, -2221), (1479, 174)]
[(197, -2221), (1479, 174)]
[(196, -2217), (1484, 196)]
[(196, -2217), (1484, 196)]
[(196, -2217), (1484, 196)]
[(196, -2217), (1484, 196)]
[(196, -2217), (1484, 196)]
[(196, -2218), (1482, 192)]
[(197, -2221), (1475, 169)]
[(197, -2221), (1475, 169)]
[(198, -2224), (1470, 147)]
[(198, -2224), (1470, 147)]
[(198, -2224), (1470, 147)]
[(198, -2224), (1470, 147)]
[(198, -2224), (1470, 147)]
[(198, -2224), (1399, 192)]
[(198, -2224), (1399, 193)]
[(198, -2224), (1399, 193)]
[(198, -2224), (1399, 193)]
[(198, -2224), (1399, 193)]
[(198, -2224), (1399, 193)]
[(198, -2224), (1399, 193)]
[(198, -2224), (1470, 147)]
[(198, -2224), (1470, 147)]
[(198, -2224), (1470, 147)]
[(198, -2224), (1470, 147)]
[(198, -2224), (1470, 147)]
[(198, -2224), (1470, 147)]
[(198, -2224), (1470, 147)]
[(198, -2224), (1470, 147)]
[(198, -2224), (1470, 147)]
[(198, -2224), (1470, 147)]
[(198, -2224), (1470, 147)]
[(198, -2224), (1470, 147)]
[(198, -2224), (1470, 147)]
[(198, -2224), (1470, 147)]
[(198, -2224), (1471, 147)]
[(198, -2224), (1471, 147)]
[(198, -2224), (1471, 147)]
[(198, -2224), (1471, 147)]
[(198, -2224), (1471, 147)]
[(198, -2224), (1485, 175)]
[(198, -2224), (1485, 175)]
[(198, -2224), (1485, 175)]
[(198, -2224), (1485, 175)]
[(198, -2224), (1485, 175)]
[(198, -2224), (1485, 175)]
[(198, -2224), (1485, 175)]
[(198, -2224), (1485, 175)]
[(198, -2224), (1485, 175)]
[(198, -2224), (1485, 175)]
[(198, -2224), (1485, 175)]
[(198, -2224), (1485, 175)]
[(198, -2224), (1485, 175)]
[(198, -2224), (1485, 175)]
[(198, -2224), (1485, 175)]
[(198, -2224), (1485, 175)]
[(198, -2224), (1485, 175)]
[(198, -2224), (1485, 175)]
[(198, -2224), (1485, 175)]
[(198, -2224), (1485, 175)]
[(198, -2224), (1485, 175)]
[(198, -2224), (1485, 175)]
[(198, -2224), (1485, 175)]
[(198, -2224), (1485, 175)]
[(198, -2224), (1485, 175)]
[(198, -2224), (1485, 175)]
[(198, -2224), (1485, 175)]
[(198, -2224), (1485, 175)]
[(198, -2224), (1485, 175)]
[(198, -2224), (1485, 175)]
[(198, -2224), (1485, 175)]
[(198, -2224), (1488, 179)]
[(198, -2224), (1488, 179)]
[(198, -2224), (1485, 175)]
[(198, -2224), (1485, 175), (-3145, -4778)]
[(196, -2227), (1485, 175)]
[(196, -2227), (1485, 175), (-2920, -4436)]
[(196, -2227), (1485, 175), (-2848, -4429)]
[(196, -2227), (1485, 175)]
[(196, -2227), (1485, 175)]
[(196, -2227), (1485, 175)]
[(196, -2227), (1485, 175)]
[(196, -2227), (1485, 175)]
[(196, -2227), (1485, 175)]
[(196, -2227), (1485, 175), (-2370, -4071)]
[(196, -2227), (1485, 175), (-2630, -4797)]
[(196, -2230), (1479, 152), (-2216, -3905)]
[(196, -2230), (1479, 152), (-2458, -4603)]
[(196, -2230), (1479, 152)]
[(196, -2230), (1479, 152), (-2254, -4303)]
[(196, -2230), (1479, 152)]
[(196, -2230), (1404, 204)]
[(196, -2230), (1404, 204)]
[(196, -2230), (1404, 204)]
[(196, -2230), (1404, 204)]
[(197, -2230), (1404, 204)]
[(197, -2230), (1404, 204)]
[(197, -2230), (1405, 231), (-2, 2471)]
[(197, -2230), (1405, 231), (-2, 2471)]
[(197, -2230), (1405, 224), (-682, -228)]
[(197, -2230), (1405, 231), (-1009, -1644)]
[(197, -2230), (1405, 231), (-1009, -1644)]
[(196, -2230), (1405, 224), (-1055, -2049)]
[(197, -2230), (1405, 224), (-867, -1594)]
[(197, -2230), (1405, 224)]
[(197, -2230), (1405, 224)]
[(196, -2227), (1405, 224)]
[(196, -2226), (1405, 231), (-237, -680)]
[(196, -2226), (1405, 231), (-214, -617)]
[(196, -2226), (1405, 231), (-256, -879)]
[(196, -2226), (1405, 231), (-248, -956)]
[(196, -2226), (1405, 224), (-211, -849)]
[(196, -2226), (1405, 224), (-243, -1055)]
[(196, -2226), (1405, 224), (-243, -1055)]
[(196, -2226), (1405, 231), (-236, -1147)]
[(196, -2226), (1405, 231), (-186, -996)]
[(196, -2226), (1405, 231), (103, 1111)]
[(196, -2226), (1405, 231), (121, 1150)]
[(196, -2226), (1405, 231), (261, 2226)]
[(196, -2226), (1405, 231), (-99, -639)]
[(30, -2537), (196, -2226), (1405, 231), (-99, -639)]
[(196, -2226), (-212, -1786), (1405, 231), (-78, -576)]
[(196, -2226), (-181, -1877), (1405, 231), (-46, -425)]
[(196, -2226), (-211, -2016), (1405, 231), (-46, -425)]
[(196, -2226), (-181, -2094), (1405, 231), (-17, -340)]
[(196, -2226), (-105, -2053), (1405, 231), (11, -259)]
[(196, -2226), (-105, -2053), (1405, 231), (11, -259)]
[(7, -2028), (1405, 231), (37, -182)]
[(21, -1988), (1405, 231), (54, -132)]
[(1878, 1569), (83, -2257), (1405, 231), (54, -132)]
[(1878, 1569), (109, -2202), (1405, 231), (54, -132)]
[(1654, 783), (123, -2269), (79, -59)]
[(1537, 369), (132, -2312), (58, -116), (-61, -4788)]
[(1537, 369), (166, -2247), (23, -218), (18, -4879)]
[(1458, 88), (220, -2194), (23, -218)]
[(1440, 23), (267, -2121), (99, -4970)]
[(1440, 23), (309, -2044), (202, -4838)]
[(1440, 23), (309, -2044), (202, -4838)]
[(1479, 152), (366, -1915)]
[(1479, 152), (366, -1915)]
[(198, -2223), (1486, 175), (587, -1496), (435, -4483)]
[(198, -2223), (1486, 175), (587, -1496)]
[(198, -2223), (1486, 175), (722, -1245), (516, -4695)]
[(198, -2223), (959, -804), (1400, 252)]
[(198, -2223), (959, -804), (1400, 252)]
[(198, -2223), (959, -804), (909, 2399), (-42, -408)]
[(198, -2223), (1105, -531), (909, 2399), (-42, -408)]
[(198, -2223), (1361, -56), (909, 2399), (-42, -408)]
[(198, -2223), (1361, -56), (909, 2399), (-42, -408)]
[(198, -2223), (2033, 1191), (909, 2399), (-42, -408)]
[(198, -2223), (2402, 1879), (909, 2399), (-42, -408)]
[(198, -2223), (2402, 1879), (909, 2399), (-42, -408)]
[(198, -2223), (2402, 1879), (909, 2399), (-42, -408)]
[(198, -2223), (3251, 3458), (909, 2399), (-42, -408)]
[(198, -2223), (909, 2399), (-42, -408)]
[(198, -2223), (909, 2399), (-42, -408)]
[(198, -2223), (1469, 144), (909, 2399), (-42, -408)]
[(198, -2223), (1469, 144), (909, 2399), (-42, -408)]
[(198, -2223), (1469, 144), (908, 2394), (-42, -408)]
[(198, -2223), (1469, 144), (908, 2394), (-42, -408)]
[(198, -2223), (1469, 144), (908, 2394), (-42, -408)]
[(196, -2226), (1469, 144), (893, 2351), (-42, -408)]
[(196, -2226), (1469, 144), (893, 2351), (-42, -408)]
[(196, -2226), (1469, 144), (-42, -408), (1443, -1146)]
[(196, -2226), (1469, 144), (-42, -408), (1443, -1146)]
[(196, -2226), (1469, 144), (-38, -379), (1472, -1227)]
[(196, -2226), (1469, 144), (-38, -379), (1472, -1110)]
[(196, -2226), (1469, 144), (-38, -379), (1509, -1310)]
[(196, -2226), (1469, 144), (-38, -379), (1508, -1186)]
[(196, -2226), (1469, 144), (-38, -379), (1522, -1144)]
[(196, -2226), (1469, 144), (-38, -379), (1537, -1224)]
[(196, -2226), (1469, 144), (-38, -379), (1536, -1063)]
[(196, -2226), (1469, 144), (-38, -379), (1559, -1181)]
[(196, -2226), (1469, 144), (-38, -379), (1556, -988)]
[(196, -2226), (1469, 144), (-38, -379), (1579, -1102)]
[(196, -2226), (1469, 144), (-38, -379), (1591, -986)]
[(196, -2226), (1469, 144), (-38, -379), (1588, -875)]
[(196, -2226), (1469, 144), (-38, -379), (1612, -984)]
[(196, -2226), (1469, 144), (-38, -379), (1612, -984)]
[(196, -2226), (1469, 144), (-38, -379), (1639, -976)]
[(196, -2226), (1469, 144), (-38, -379), (1668, -1009)]
[(196, -2226), (1469, 144), (-38, -379), (1664, -891)]
[(196, -2226), (1469, 144), (-38, -379), (1698, -1038)]
[(196, -2226), (1469, 144), (-38, -379), (1693, -920)]
[(196, -2226), (1471, 147), (2062, -2322)]
[(196, -2226), (1471, 147), (2062, -2322)]
[(196, -2226), (1471, 147), (2186, -2837)]
[(196, -2226), (1471, 147), (2284, -3017)]
[(196, -2223), (1477, 170), (2246, -2686)]
[(196, -2223), (1477, 170), (2414, -3348)]
[(196, -2226), (1471, 147), (2401, -3245)]
[(196, -2226), (1471, 147), (2553, -3838)]
[(198, -2223), (1471, 147), (2679, -4333)]
[(198, -2223), (1471, 147), (2655, -4165)]
[(196, -2226), (1471, 147), (935, 2479)]
[(196, -2223), (1477, 170), (934, 2478)]
[(196, -2223), (1477, 170), (934, 2478)]
[(196, -2224), (1477, 170), (930, 2465)]
[(196, -2224), (1477, 170), (930, 2465)]
[(196, -2224), (1477, 170)]
[(196, -2224), (1477, 170)]
[(196, -2224), (1477, 170)]
[(196, -2224), (1477, 170)]
[(196, -2224), (1477, 170)]
[(196, -2224), (1477, 170)]
[(196, -2224), (1477, 170)]
[(196, -2224), (1477, 170)]
[(196, -2224), (1477, 170)]
[(195, -2221), (1483, 192)]
[(195, -2221), (1483, 192)]
[(195, -2221), (1469, 165)]
[(195, -2221), (1469, 165)]
[(195, -2221), (1469, 165)]
[(195, -2221), (1469, 165)]
[(195, -2221), (1469, 165)]
[(195, -2221), (1469, 165)]
[(195, -2221), (1469, 165)]
[(195, -2221), (1469, 165)]
[(195, -2221), (1469, 165)]
[(195, -2221), (1469, 165)]
[(195, -2221), (1469, 165)]
[(195, -2221), (1469, 165)]
[(195, -2221), (1469, 165)]
[(195, -2221), (1469, 165)]
[(195, -2221), (1469, 165)]
[(195, -2221), (1469, 165)]
[(195, -2221), (1469, 165)]
[(195, -2221), (1469, 165)]
[(196, -2230), (1450, 99)]
[(198, -2239), (1431, 34)]
[(198, -2239), (1431, 34)]
[(198, -2239), (1431, 34), (3836, 4472)]
[(198, -2245), (1418, -7), (3740, 4257)]
[(198, -2245), (1418, -7), (3400, 3633)]
[(-49, -577), (1412, -26)]
[(-49, -577), (1407, -45)]
[(-49, -577), (1407, -44)]
[(-49, -577), (1407, -44)]
[(-49, -577), (1407, -43), (3388, 3582)]
[(-49, -577), (1407, -43), (3070, 3001)]
[(-49, -577), (1413, -21), (3096, 3068)]
[(-49, -577), (2049, 1145), (1399, 225)]
[(-49, -577), (2008, 1087), (1399, 225)]
[(-49, -577), (2008, 1087), (1399, 225)]
[(-49, -577), (2020, 1122), (1399, 225)]
[(-49, -577), (1965, 1048)]
[(-49, -577), (1895, 917)]
[(-49, -577), (1916, 983)]
[(-49, -577), (1850, 860)]
[(-49, -577), (1881, 956)]
[(-49, -577), (1817, 836)]
[(-49, -577), (1869, 998)]
[(-49, -577), (1830, 977)]
[(-49, -577), (1736, 796)]
[(-49, -577), (1694, 779)]
[(-49, -577), (1731, 904)]
[(-49, -577), (1630, 704)]
[(-49, -577), (1656, 795)]
[(-49, -577), (1608, 699)]
[(-49, -577), (1608, 699), (2204, -3310)]
[(-49, -577), (1586, 694), (2204, -3310)]
[(-49, -577), (1588, 750), (2011, -2459)]
[(-49, -577), (1588, 750), (2011, -2459)]
[(-49, -577), (1604, 810), (1858, -1785)]
[(-49, -577), (1574, 775), (1725, -1200)]
[(-49, -577), (1552, 771), (1725, -1200)]
[(-49, -577), (1507, 678), (1602, -657)]
[(189, -2182), (1325, -28)]
[(189, -2182), (1292, -91)]
[(189, -2182), (1292, -91)]
[(191, -2192), (1841, 2113), (1362, 396)]
[(194, -2215), (1449, 151), (1512, 1609)]
[(195, -2218), (1445, 131), (1541, 1998)]
[(195, -2218), (1461, 161), (1418, 1669)]
[(195, -2218), (1461, 161), (1483, 2010)]
[(195, -2218), (1461, 161), (1364, 1681)]
[(195, -2218), (1461, 161), (1364, 1681)]
[(195, -2218), (1461, 161), (1308, 1728)]
[(195, -2218), (1461, 161), (1399, 2268)]
[(195, -2218), (1459, 158), (1263, 1862)]
[(195, -2218), (1473, 184), (1229, 2027)]
[(195, -2218), (1473, 184), (1279, 2373)]
[(195, -2218), (1473, 184), (1261, 2637)]
[(195, -2218), (1473, 184), (1261, 2637)]
[(195, -2221), (897, 2689)]
[(195, -2221), (935, 2548)]
[(195, -2221), (931, 2535)]
[(195, -2221), (914, 2600)]
[(195, -2221), (893, 2633)]
[(195, -2221), (872, 2581)]
[(195, -2221), (827, 2561)]
[(195, -2221), (827, 2561)]
[(193, -2224), (874, 2323)]
[(191, -2228), (846, 2241)]
[(191, -2228), (820, 2164)]
[(190, -2231), (820, 2164)]
[(186, -2238), (785, 2064)]
[(184, -2241), (745, 1948)]
[(184, -2238), (745, 1948)]
[(183, -2232), (745, 1948)]
[(183, -2232), (1432, 286), (485, 1190)]
[(183, -2232), (1433, 440), (386, 904)]
[(1469, 78), (179, -2213), (284, 607)]
[(1469, 78), (179, -2213), (284, 607)]
[(176, -2194), (1451, 934), (175, 290)]
[(172, -2171), (1447, 954)]
[(172, -2171), (1447, 954)]
[(-94, -503), (1481, 483), (964, 2588)]
[(-102, -455), (1469, 473), (956, 2563)]
[(-102, -455), (1469, 473), (956, 2563)]
[(-102, -455), (1496, 527), (945, 2532), (-626, -2033)]
[(-113, -390), (1506, 550), (944, 2535), (-615, -1979)]
[(-124, -321), (1491, 496), (944, 2535), (-615, -1979)]
[(-124, -321), (1474, 464), (938, 2516), (-971, -3005)]
[(-129, -283), (1472, 462), (-1646, -4920)]
[(-138, -229), (1472, 462)]
[(-138, -229), (1472, 462)]
[(-143, -189), (1471, 461)]
[(-155, -152), (1473, 463)]
[(1471, 461), (197, -2108), (-68, -377)]
[(1471, 461), (197, -2108), (-68, -377)]
[(1473, 463), (195, -2111), (-68, -377)]
[(1473, 463), (195, -2111), (-68, -377)]
[(1473, 463), (195, -2111), (-68, -377)]
[(1480, 465), (195, -2115), (-68, -377)]
[(1480, 465), (194, -2118), (-68, -377)]
[(1480, 465), (190, -2126), (-72, -406)]
[(1480, 465), (190, -2126), (-72, -406)]
[(1494, 494), (188, -2130), (-72, -406)]
[(1487, 467), (188, -2134), (-68, -377)]
[(1487, 467), (188, -2134), (-68, -377)]
[(185, -2145), (1478, 438), (-68, -377)]
[(184, -2160), (1485, 416), (-68, -377)]
[(184, -2161), (1529, 501), (-68, -377)]
[(185, -2168), (1514, 448), (-68, -377)]
[(185, -2169), (1529, 477), (-68, -377)]
[(183, -2172), (1489, 397), (-72, -406)]
[(183, -2172), (1489, 397), (-72, -406)]
[(182, -2166), (1465, 372), (-72, -406)]
[(181, -2159), (1478, 423), (-72, -406)]
[(179, -2163), (1429, 324), (-72, -406)]
[(176, -2164), (1411, 298), (-72, -406), (934, 2502)]
[(175, -2154), (1430, 372), (-72, -406), (929, 2488)]
[(175, -2154), (1430, 372), (-72, -406), (922, 2468)]
[(172, -2151), (1417, 371), (-72, -406), (922, 2468)]
[(1369, 273), (170, -2155), (-76, -435), (923, 2464)]
[(1387, 347), (168, -2144), (-76, -435), (910, 2427)]
[(1322, 215), (166, -2148), (-76, -435), (910, 2427)]
[(1259, 132), (163, -2136), (-76, -435)]
[(1259, 132), (163, -2136), (-76, -435)]
[(1296, 294), (158, -2111), (-66, -406)]
[(1228, 211), (154, -2096), (-66, -406)]
[(1180, 158), (151, -2081), (-66, -406)]
[(1180, 158), (151, -2081), (-66, -406)]
[(1128, 45), (152, -2081), (-66, -406)]
[(1115, 64), (147, -2069), (-66, -406)]
[(1115, 64), (147, -2069), (-66, -406)]
[(1127, 129), (145, -2058), (-66, -406)]
[(1113, 148), (143, -2042), (-66, -406)]
[(1073, 58), (143, -2042), (-66, -406)]
[(1093, 167), (140, -2022), (-66, -406)]
[(134, -2001), (1068, 189), (-66, -406)]
[(134, -2001), (1011, 57), (-66, -406)]
[(134, -2001), (1011, 57), (-66, -406)]
[(129, -1971), (973, 60), (-66, -406)]
[(123, -1935), (1000, 239), (-66, -406)]
[(123, -1935), (1000, 239), (-66, -406)]
[(112, -1884), (-66, -406), (816, 939)]
[(103, -1829), (-66, -406), (816, 939)]
[(94, -1775), (735, 1438)]
[(94, -1775), (702, 1445)]
[(97, -1765), (678, 1365)]
[(92, -1731), (673, 1458)]
[(94, -1725), (745, 165), (673, 1458)]
[(-38, -913), (645, 1479)]
[(-46, -809), (616, 1508)]
[(938, 4793), (-52, -737), (616, 1508)]
[(743, 3703), (-46, -704), (581, 1511)]
[(764, 4177), (-58, -631), (537, 1384)]
[(594, 3183), (-55, -614), (319, 983)]
[(594, 3183), (-55, -614), (319, 983)]
[(464, 2786), (-64, -489), (-1902, -800)]
[(467, 3138), (-76, -406), (250, 590)]
[(368, 2493), (-74, -388), (250, 590)]
[(285, 1954), (-71, -370), (235, 677)]
[(287, 1859), (-67, -402), (197, 574)]
[(37, 260)]
[(37, 260)]
[(22, 414)]
[(-2, 467)]
[(-20, 335)]
[(-54, 304)]
[(-60, 354)]
[(-66, 314), (-1129, -3492)]
[(-63, 289), (-1129, -3492)]
[(-57, 240), (-793, -2516)]
[(-56, 247), (-806, -2579)]
[(-110, -165), (-529, -1773)]
[(-134, -185), (-529, -1773)]
[(-152, -68), (-385, -1356)]
[(-164, -171)]
[(-194, -196)]
[(-214, -81)]
[(-214, -81), (84, 917)]
[(-259, -102), (-934, -1387), (367, 1559)]
[(-610, 1306), (-1103, -2010)]
[(-608, 1019), (431, 1403)]
[(-608, 1019), (509, 1601)]
[(-707, 1473), (506, 1380)]
[(-795, 1660), (-14, -58), (684, 1876)]
[(-78, -606), (-725, -46), (696, 1704)]
[(-71, -648), (-787, 149), (767, 1853)]
[(-62, -704), (-836, -73), (820, 2018)]
[(-63, -706), (-811, -421), (-292, -2134), (844, 1850)]
[(-63, -706), (-811, -421), (-292, -2134), (890, 2012)]
[(-52, -773), (-898, -191), (-492, -3632), (958, 2042)]
[(-52, -773), (-914, -38), (-492, -3632), (958, 2042)]
[(-45, -813), (-970, -290), (988, 1903)]
[(-71, -633), (-1075, -35), (909, 2451)]
[(-76, -605), (996, 2575)]
[(-76, -605), (1111, 3032)]
[(-75, -606), (1069, 2637)]
[(-82, -565), (1014, 2126)]
[(-82, -565), (1090, 2402)]
[(-82, -565), (1208, 2831)]
[(1146, 2339), (1478, 859)]
[(1284, 2820)]
[(1341, 2733)]
[(-91, -502), (1267, 2227)]
[(-91, -502), (1201, 1778)]
[(1312, 2117)]
[(-91, -502), (1417, 2440)]
[(1353, 2052)]
[(1461, 2372)]
[(1540, 2402), (-56, -377)]
[(1434, 1839)]
[(1456, 1576)]
[(1600, 1947)]
[(1400, 1008)]
[(1400, 1008)]
[(538, -4024), (1150, -377)]
[(538, -4024), (1213, -255)]
[(1841, 2215)]
[(1841, 2215)]
[(1755, 1863), (-56, -377)]
[(-92, -498), (1802, 1817)]
[(-92, -498), (1888, 1863)]
[(-92, -498), (1888, 1863)]
[(-92, -498), (1985, 1965)]
[(-92, -498), (2130, 2284)]
[(-92, -498), (2130, 2284)]
[(-92, -498), (2147, 2186)]
[(-92, -498), (2071, 1934)]
[(-92, -498), (2119, 1946)]
[(-92, -498), (2119, 1946)]
[(-92, -494), (2144, 1910)]
[(-89, -476), (2250, 2126)]
[(-89, -476), (2250, 2126)]
[(-89, -474), (2236, 1992)]
[(-89, -474), (2175, 1802)]
[(-89, -474), (2167, 1689)]
[(-89, -474), (2167, 1689)]
[(-89, -474), (2202, 1678)]
[(-89, -474), (2287, 1841)]
[(-89, -474), (2225, 1661)]
[(-89, -474), (2311, 1824)]
[(-89, -474), (2342, 1788)]
[(-89, -474), (2342, 1788)]
[(-89, -474), (2249, 1528)]
[(-89, -474), (2416, 1834)]
[(-89, -474), (2559, 2033)]
[(-89, -474), (2486, 1840)]
[(-89, -474), (2635, 2033)]
[(-89, -474), (2635, 2033)]
[(-89, -474), (2635, 2033)]
[(-89, -474), (2771, 2211)]
[(-89, -474), (2970, 2560)]
[(-89, -474), (3271, 3087)]
[(-89, -474), (3661, 3749)]
[(-89, -474), (3661, 3749)]
[(-89, -474), (3708, 3791)]
[(-89, -474), (3669, 3705)]
[(-89, -474)]
[(-89, -474)]
[(-89, -474)]
[(-89, -474)]
[(-89, -474)]
[(-89, -474), (2686, 1972)]
[(-89, -474), (2668, 1922)]
[(-89, -474), (2695, 1926)]
[(-89, -474), (2695, 1926)]
[(-89, -474), (2816, 2085)]
[(-89, -474)]
[(-89, -474)]
[(-89, -474)]
[(-89, -474)]
[(-89, -474)]
[(-89, -474)]
[(-89, -474)]
[(-89, -474)]
[(-89, -474)]
[(-89, -474)]
[(-89, -474)]
[(-89, -474)]
[(-89, -474), (972, 2600)]
[(-89, -474), (972, 2600)]
[(-89, -474), (972, 2600)]
[(-89, -474), (1874, -68)]
[(-89, -474), (1899, -320)]
[(-89, -474), (1881, -264)]
[(-89, -474), (1865, -282)]
[(-89, -474), (1870, -339)]
[(-89, -474), (1857, -336)]
[(-89, -474), (1857, -336)]
[(-89, -474), (1832, -253)]
[(-89, -474), (1819, -241)]
[(-89, -474), (1819, -241)]
[(-89, -474), (1790, -162)]
[(-89, -474), (1794, -233)]
[(-89, -474), (1756, -102)]
[(-89, -474), (1762, -189)]
[(-89, -474), (1717, -35)]
[(-89, -474), (1676, 107)]
[(-89, -474), (1680, 39)]
[(-89, -474), (1649, 95)]
[(-89, -474), (1657, -86)]
[(-89, -474), (1631, -167)]
[(-89, -474), (1631, -167)]
[(-89, -472), (1611, -89)]
[(-89, -474), (1607, -325)]
[(-89, -474), (1613, -541)]
[(-89, -474), (1598, -479)]
[(-89, -472), (1604, -679)]
[(-89, -472), (1601, -824)]
[(-89, -472), (1586, -755)]
[(-89, -472), (1586, -755)]
[(-89, -472), (1574, -832)]
[(-89, -472), (1576, -941)]
[(-89, -472), (1569, -905)]
[(-89, -472), (1570, -978)]
[(-89, -472), (1573, -1131)]
[(-89, -472), (1581, -1171)]
[(-89, -472), (1581, -1171)]
[(-89, -472), (1599, -1336)]
[(-89, -472), (1602, -1468)]
[(-89, -472), (1611, -1513)]
[(-89, -472), (1619, -1558)]
[(-89, -472), (1619, -1557)]
[(-89, -472), (1647, -1698)]
[(-89, -472), (1647, -1698)]
[(-89, -474), (1674, -1794)]
[(-89, -474), (1674, -1792)]
[(-89, -474), (1714, -1998)]
[(-89, -474), (1741, -2051)]
[(-89, -472), (1741, -2051)]
[(-89, -474), (1769, -2105)]
[(-89, -474), (1769, -2105)]
[(-89, -472), (1781, -1993)]
[(-89, -472), (1779, -1785)]
[(-89, -472), (1766, -1539)]
[(-89, -472), (1766, -1539)]
[(-89, -472), (1754, -1313)]
[(-89, -472), (1737, -1109)]
[(-89, -472), (1710, -995)]
[(-89, -474), (1710, -995)]
[(-87, -491), (1688, -814)]
[(-87, -491), (1687, -778)]
[(-87, -491), (1663, -678)]
[(-84, -472), (1663, -678)]
[(-84, -474), (-2384, -3371), (1648, -614)]
[(-84, -474), (1634, -582)]
[(-84, -474), (1634, -582)]
[(-87, -457), (1634, -613)]
[(-87, -457), (1637, -678)]
[(-87, -457), (1637, -678)]
[(-87, -457), (1610, 4313), (1653, -778)]
[(-89, -474), (1464, 4594), (1653, -778)]
[(-90, -476), (1461, 4593), (1686, -918)]
[(-89, -480), (1687, -956)]
[(-89, -480), (1713, -1069)]
[(-92, -500), (1712, -1029)]
[(-87, -500), (1712, -1031)]
[(-87, -500), (1705, -874)]
[(-87, -500), (1696, -694)]
[(-87, -502), (1687, -490)]
[(-87, -502), (1687, -490)]
[(-87, -502), (1664, -401)]
[(-87, -502), (1652, -249)]
[(-87, -502), (-2617, -4833), (1650, -188)]
[(-87, -502), (1636, -136)]
[(-87, -502), (-2234, -4146), (1635, -105)]
[(-90, -519), (1609, -7)]
[(-92, -502), (1609, -7)]
[(-92, -500), (1584, 64)]
[(-1, 34), (1544, 170)]
[(-1, 34), (1545, 121)]
[(-14, -63), (1500, 294)]
[(-14, -63), (1500, 250)]
[(-127, -4973), (-24, -138), (1445, 470)]
[(-34, -216), (1412, 601)]
[(-34, -216), (1410, 503)]
[(376, 3318), (1381, 495)]
[(376, 3318), (1376, 332)]
[(285, 2285), (1358, 411)]
[(285, 2285), (1351, 174)]
[(1653, 146), (3, 857)]
[(1559, 12), (-142, -54)]
[(1559, 12), (-114, 16)]
[(1591, 98), (-200, -528)]
[(1537, 23), (-168, -439)]
[(1498, -44), (-219, -767)]
[(-326, 1030), (1511, -3), (-211, -845)]
[(-248, 532), (1499, 14), (-165, -709)]
[(-248, 532), (1462, -52), (-186, -857)]
[(-248, 532), (1462, -52), (-140, -721)]
[(-178, 84), (1467, -33)]
[(-178, 84), (1420, -118)]
[(-112, -336), (1356, -202)]
[(-52, -719), (1376, -129)]
[(-52, -719), (1272, -316)]
[(-25, -886), (1190, -404), (75, 647)]
[(1213, -351), (-3, -1022), (1247, -161), (75, 647)]
[(1213, -351), (-3, -1022), (1247, -161)]
[(-191, -1885), (-3, -1022), (1110, -424), (940, 936)]
[(26, -2448), (19, -1161), (1049, -375), (940, 936)]
[(-321, -3164), (19, -1161), (943, -588), (912, 846)]
[(1735, 3335), (-387, -3111), (92, -1637), (-6, -254), (893, 739)]
[(-14, -1911), (-6, -254), (885, 814)]
[(-19, -1892), (-6, -254), (873, 914)]
[(-19, -1892), (12, -202), (857, 826)]
[(71, -2101), (38, -127), (831, 827)]
[(-315, -2041), (96, -2111), (47, -102), (809, 719)]
[(125, -2085), (762, 1278)]
[(125, -2085), (735, 1175)]
[(179, -1964), (-397, -3147), (234, -745), (695, 1053)]
[(177, -1956), (-378, -3001), (238, -679), (694, 1079)]
[(177, -1956), (-397, -3075), (574, 618)]
[(625, -1559), (254, -2209), (584, -3135), (568, 1078)]
[(321, -1273), (544, 999)]
[(330, -1248), (543, 1112)]
[(296, -129), (525, 1188)]
[(26, -1224), (639, 1266)]
[(16, -1159), (652, 1541)]
[(16, -1159), (749, 1954)]
[(7, -1102), (780, 2310), (20, 189)]
[(-4, -1031), (805, 2711), (308, 953)]
[(-4, -1031), (739, 2406)]
[(876, 3403), (-18, -948), (279, 731)]
[(906, 3859), (-28, -884), (267, 696)]
[(906, 3859), (-28, -884), (270, 791)]
[(942, 4042), (-28, -884), (270, 791)]
[(221, 616), (-43, -794)]
[(216, 735), (-51, -742)]
[(57, -130), (268, 937)]
[(51, -70), (266, 1007)]
[(27, -50), (467, -2675)]
[(27, -50), (467, -2675)]
[(2, -31), (467, -2675)]
[(-14, -131), (476, -2611)]
[(-14, -131), (476, -2674)]
[(-57, -129), (476, -2674)]
[(-95, -166), (486, -2609)]
[(-109, -69), (486, -2609), (-328, -1191)]
[(-122, -169), (495, -2546), (-446, -1533)]
[(-146, -11), (495, -2546), (-446, -1533)]
[(-183, 7), (495, -2546), (-545, -1821)]
[(-183, 7), (495, -2546), (-545, -1821)]
[(-194, -97), (495, -2546), (-695, -2258)]
[(-224, -122), (495, -2608), (-695, -2258)]
[(-249, 19), (504, -2545)]
[(-260, -107), (504, -2546)]
[(-291, 57), (504, -2546)]
[(-589, 1368), (-70, -435), (504, -2546)]
[(-589, 1368), (-70, -435), (504, -2546)]
[(-680, 1602), (-70, -435), (504, -2546)]
[(-748, 1674), (-70, -435), (504, -2545)]
[(-743, 1530), (-70, -435), (504, -2545)]
[(-743, 1530), (-70, -435), (513, -2482)]
[(-814, 1847), (-70, -435), (513, -2482)]
[(-94, -519), (-749, 327), (513, -2482)]
[(-94, -519), (-791, 296), (513, -2544)]
[(-94, -519), (-847, 478), (513, -2544)]
[(-94, -519), (-829, 205), (513, -2544)]
[(-94, -519), (-881, 169), (513, -2544)]
[(-94, -519), (-881, 169), (513, -2544)]
[(-94, -519), (-870, 32), (513, -2544)]
[(-94, -519), (-959, 288), (513, -2544)]
[(-94, -519), (-1062, 512), (513, -2544)]
[(-94, -519), (513, -2544)]
[(-94, -519), (513, -2544)]
[(-94, -519), (513, -2544)]
[(-94, -519), (513, -2544)]
[(-94, -519), (513, -2482)]
[(-94, -519), (513, -2482)]
[(-94, -519), (513, -2482)]
[(-94, -519), (513, -2482)]
[(-94, -519), (513, -2482)]
[(-94, -517), (513, -2482)]
[(-94, -519), (513, -2482)]
[(-94, -519), (513, -2482)]
[(-94, -517), (513, -2482)]
[(-94, -519), (513, -2484)]
[(-94, -519), (513, -2484)]
[(-94, -519), (513, -2484)]
[(-94, -519), (513, -2484)]
[(-94, -517), (504, -2546)]
[(-94, -517), (504, -2545)]
[(-94, -517), (504, -2484)]
[(-94, -517), (504, -2484)]
[(-92, -500), (504, -2484)]
[(-91, -502), (504, -2484)]
[(-91, -502), (504, -2484)]
[(-89, -517), (266, 2254), (504, -2484), (-3388, -3249)]
[(-79, -450), (276, 2269), (504, -2484), (-3320, -3146)]
[(-69, -517), (114, 851), (504, -2484)]
[(-38, -552), (139, 911), (504, -2484)]
[(1, -552), (504, -2484)]
[(1, -552), (504, -2484)]
[(19, -686), (504, -2484)]
[(43, -568), (504, -2484)]
[(65, -457), (299, 659)]
[(89, -486), (298, 641)]
[(92, -519), (297, 613)]
[(96, -498), (285, 579)]
[(96, -482), (288, 611)]
[(90, -426), (288, 611)]
[(90, -426), (495, -2485)]
[(90, -422)]
[(272, 532)]
[(88, -338)]
[(250, 439)]
[(245, 368)]
[(245, 368)]
[(240, 307)]
[(239, 293)]
[(239, 293)]
[(249, 359)]
[(261, 398)]
[(267, 470)]
[(285, 525)]
[(294, 654)]
[(320, 965)]
[(330, 993)]
[(431, 2753), (-1844, -124)]
[(429, 2751), (-1844, -124)]
[(314, 863)]
[(314, 863)]
[(326, 1032)]
[(320, 1123)]
[(301, 1074)]
[(309, 1174)]
[(167, 912), (474, -4160)]
[(86, 716), (509, -3880)]
[(23, 652), (561, -3701)]
[(23, 652), (561, -3701)]
[(49, 827), (561, -3874)]
[(49, 827), (561, -3874)]
[(20, 887), (613, -3611)]
[(-143, 255), (671, -3363)]
[(-185, 254), (704, -3060)]
[(-201, 92), (705, -3133)]
[(-231, 275), (705, -3133)]
[(-231, 275), (735, -3133)]
[(-245, 109), (756, -3206)]
[(-297, 102), (756, -3206)]
[(-185, 815), (789, -3281)]
[(-289, 610), (803, -3128)]
[(-281, 645), (814, -3438)]
[(-350, 511), (835, -3202)]
[(-332, 583), (845, -3436)]
[(-384, 501), (872, -3354)]
[(-384, 501), (872, -3354)]
[(-430, 451), (918, -3272)]
[(-486, 344), (941, -2974)]
[(-470, 403), (958, -3272)]
[(-547, 277), (1013, -3511)]
[(-547, 277), (1013, -3511)]
[(-654, 87), (1062, -3767)]
[(-654, 87), (1062, -3767)]
[(-855, -291), (1125, -4044)]
[(-1138, -820), (1173, -4237)]
[(-1902, -2243), (1193, -3677)]
[(-1924, -2301), (1224, -4042)]
[(1241, -3509)]
[(1257, -3683)]
[(1273, -3121)]
[(1281, -3197)]
[(1309, -2838)]
[(1316, -2573)]
[(1331, -2703)]
[(1331, -2703)]
[(1335, -2511)]
[(1346, -2450)]
[(1346, -2450)]
[(1356, -2389)]
[(1358, -2271)]
[(1360, -2157)]
[(1360, -2157)]
[(1368, -2216)]
[(1368, -2152)]
[(1370, -2040)]
[(1378, -2095)]
[(1379, -2041)]
[(1379, -2041)]
[(-105, -4566), (-816, 31), (1394, -2151)]
[(-99, -4576), (-818, 67), (-2604, -3732), (1395, -2040)]
[(-179, -4749), (-808, 93), (-2080, -2733), (1396, -1983)]
[(-179, -4749), (-808, 93), (-1562, -1760), (1420, -2037)]
[(8, -4338), (-798, 117), (-1597, -1860), (1462, -2321)]
[(8, -4338), (-798, 117), (-1400, -1480), (1462, -2263)]
[(8, -4338), (-783, 72), (-1416, -1525), (1497, -2506)]
[(-51, -4512), (-759, 57), (-1271, -1274), (1525, -2508)]
[(-1271, -1274), (1525, -2508)]
[(-1126, -1019), (1541, -2384)]
[(-1011, -793), (1539, -2095)]
[(-1033, -863), (1548, -2151)]
[(-918, -675), (1545, -1886)]
[(-815, -471), (1542, -1590)]
[(-842, -562), (1550, -1638)]
[(-842, -562), (1550, -1638)]
[(-812, -563), (1540, -1413)]
[(-723, -384), (1539, -1327)]
[(-783, -594), (1539, -1329)]
[(1546, -1287), (-768, -667)]
[(1545, -1203), (-653, -425)]
[(1553, -1244), (-702, -607)]
[(1553, -1244), (-702, -607)]
[(1559, -1201), (-637, -560)]
[(1575, -1240), (-578, -540)]
[(1572, -1114), (-432, -211)]
[(1578, -1071), (-417, -311)]
[(1578, -1071), (-417, -311)]
[(1571, -1033), (-489, -638)]
[(1539, -780), (-461, -728)]
[(1539, -780), (-461, -728)]
[(1492, -457), (-427, -758)]
[(1492, -365), (-337, -529)]
[(1439, -123), (-373, -721)]
[(1439, -95), (-275, -468)]
[(1369, 227), (-309, -654)]
[(1303, 505), (-247, -591)]
[(1301, 446), (-169, -383)]
[(879, 2418)]
[(1251, 515)]
[(1217, 375)]
[(1209, 414)]
[(1209, 414)]
[(1184, 142)]
[(1552, 151)]
[(1552, 151), (836, 2061), (-92, -850)]
[(1321, -260), (825, 2025), (-19, -619)]
[(1257, -328), (8, -778)]
[(1143, -252), (-36, -1181)]
[(1143, -252), (-36, -1181)]
[(1233, -298), (22, -1299)]
[(1212, -338), (152, -823)]
[(1212, -338), (113, -1318)]
[(1196, -358), (182, -1490)]
[(1187, -375), (277, -1082)]
[(1187, -375), (901, 1371), (341, -1255)]
[(1191, -358), (901, 1371), (341, -1255)]
[(1190, -359)]
[(1190, -359)]
[(1191, -358), (361, -4505)]
[(1035, 402), (525, -3817)]
[(1191, -358)]
[(1201, -340)]
[(1201, -340)]
[(1201, -340)]
[(1200, -341)]
[(907, -990)]
[(1379, 1745), (1008, -428)]
[(1031, -208)]
[(1031, -210)]
[(1031, -210)]
[(1041, -8)]
[(1048, 65)]
[(1049, 69)]
[(1251, -1491)]
[(1251, -1491)]
[(1024, -180), (1385, -2741)]
[(1045, -64), (1533, -3915)]
[(1083, 147), (1533, -3915)]
[]
[(1584, -1023)]
[(706, 532), (990, 1836)]
[(671, -790), (1020, 1975), (669, 363)]
[(671, -790), (1004, 2044), (661, 575)]
[(667, -828), (625, 656), (1716, -455)]
[(619, -938), (-1053, 750), (600, 554), (1697, -85)]
[(624, -293), (1617, 474), (38, -2505), (1019, 2317)]
[(636, -127), (1565, 298), (42, -2519), (1030, 2361)]
[(578, -295), (1672, 496), (47, -2510), (1023, 2384)]
[(578, -295), (1672, 496), (47, -2510), (1025, 2438)]
[(590, -70), (1632, 368), (50, -2520), (1025, 2438)]
[(522, -279), (1738, 559), (56, -2509), (1024, 2490)]
[(465, -724), (1837, 692), (65, -2505), (483, 599), (1024, 2490)]
[(430, -352), (76, -2495), (1026, 2559)]
[(431, -109), (78, -2501), (1846, 790), (-1130, -934)]
[(400, -223), (85, -2487), (1900, 654), (-1154, -1006)]
[(400, -72), (87, -2494), (2238, -1680), (-978, -679)]
[(389, -1975), (2496, 1708), (-676, 347), (2207, -1448), (371, 692)]
[(389, -1975), (2496, 1708), (-676, 347)]
[(346, -155), (-678, 460)]
[(313, -115), (-659, 434)]
[(310, -4), (107, -2488), (-714, -141)]
[(271, -164), (108, -2485)]
[(227, -148), (108, -2488)]
[(219, 6), (108, -2488)]
[(213, 121), (108, -2488)]
[(104, -2495)]
[(100, -2502)]
[(100, -2501)]
[(91, -2517)]
[(79, -2537)]
[(124, 70), (79, -2535)]
[(124, 70), (79, -2535)]
[(65, -2556)]
[(81, 167), (52, -2572)]
[(81, 167), (52, -2572)]
[(74, 122), (39, -2596)]
[(34, -2602), (60, 146), (-531, -4106)]
[(-1103, 539), (53, 217), (-973, -4333)]
[(-1103, 539), (53, 217), (-973, -4333)]
[(28, -2598), (27, 242)]
[(12, -2619)]
[(12, -2619)]
[(2812, 2432)]
[(2384, 1666)]
[(2207, 1348)]
[(2280, 1550)]
[(2359, 1770), (-175, 128)]
[(2297, 1747), (-175, 128)]
[(2297, 1747), (-209, -60)]
[(2227, 1692)]
[(2203, 1737)]
[(2099, 1536)]
[(2099, 1536)]
[(2186, 1798)]
[(2052, 1535)]
[(-134, 363), (2048, 1638)]
[(-105, 149), (2118, 1864)]
[(-75, 390), (2021, 1666)]
[(-11, 313), (1996, 1697)]
[(17, 57), (2083, 1979)]
[(225, -1934), (2179, 2294), (17, -473)]
[(65, 31), (2054, 2026), (-47, -1036)]
[(96, 213), (1940, 1780), (-47, -1036)]
[(111, 31), (2005, 2015), (-29, -1314)]
[(144, 210), (1873, 1725), (68, -968)]
[(200, 255), (1795, 1677), (27, -1408)]
[(259, 233), (1722, 1666), (159, -909)]
[(259, 233), (1722, 1666), (257, -818)]
[(268, 2), (1776, 1858), (232, -1258)]
[(344, 337), (1679, 1632), (232, -1258)]
[(404, 329), (1663, 1756), (318, -1284)]
[(404, 329), (1663, 1756), (401, -901)]
[(458, 260), (1622, 1756), (389, -1331)]
[(497, 139), (752, -2219), (468, -942)]
[(497, 139), (752, -2219)]
[(477, -625)]
[(521, -707)]
[(545, -1244), (616, -4853)]
[(545, -1244), (696, -4023)]
[(585, -1158), (739, -2902)]
[(647, -178), (709, -1888)]
[(647, -178), (752, -1555)]
[(713, -109)]
[(885, 257)]
[(930, 377)]
[(917, 278), (979, -2239)]
[(878, -332), (979, -2239)]
[(1388, 2726), (1092, -2056)]
[(1388, 2726), (1126, -1521)]
[(1457, 3167), (1210, -1520)]
[(1740, 4509), (957, 2547), (1263, -1954)]
[(1137, -75), (1085, 2213), (1263, -1954)]
[(1080, -349), (1140, 2688)]
[(1153, -389), (1071, 2754)]
[(1295, -120), (962, 2331)]
[(1232, -371), (996, 2687)]
[(1232, -371), (996, 2687)]
[(1428, -17), (893, 2272)]
[(1576, 190), (821, 2159)]
[(1542, 78), (841, 2433)]
[(1740, 393), (781, 2368)]
[(2038, 913), (696, 1992)]
[(2014, 848), (722, 2471)]
[(1972, 731), (755, 3107), (1726, -1197), (-3012, -4661)]
[(3015, 2520), (650, 2577), (1871, -1830)]
[(1947, 691), (551, 2073), (1839, -1354), (-2770, -4321)]
[(2034, 819), (500, 2167), (1945, -1453)]
[(2023, 788), (505, 2496), (1945, -1453)]
[(2140, 989), (455, 2213), (2043, -1834)]
[(2276, 1207), (410, 2313), (2060, -1599)]
[(2235, 1100), (411, 2599), (2006, -1078)]
[(2235, 1100), (411, 2599), (2030, -1159)]
[(362, 2713), (1990, -780)]
[(301, 2293), (1990, -782)]
[(301, 2293), (1954, -379)]
[(229, 2227), (1954, -379)]
[(-105, -4861), (215, 2686), (1927, -22), (-2241, -4813)]
[(-103, -4866), (163, 2272), (1880, 406), (-1823, -3816)]
[(147, 2678), (1821, 1093)]
[(92, 2610), (1833, 1066)]
[(2464, 1486), (50, 2667)]
[(2464, 1486), (50, 2667)]
[(2298, 1206), (20, 2365)]
[(2359, 1365), (5, 2599), (1676, 2568)]
[(2185, 1068), (-12, 2419)]
[(-28, 2657)]
[(-72, 2715)]
[(-91, 2468)]
[(3179, 2921), (-130, 2583)]
[(3238, 3060), (-146, 2771), (-1111, -3184)]
[(3238, 3060), (-146, 2771), (-1362, -4286)]
[(2611, 1959), (-154, 2642), (-1378, -4719)]
[(274, -2152), (-1179, -4107)]
[(2479, 1815)]
[(2300, 1496), (-1182, -4443)]
[(2331, 1579)]
[(2211, 1391), (259, -2145), (-1065, -4303)]
[(2133, 1251), (253, -2156), (-1198, -4995)]
[(2188, 1404), (252, -2142), (-1017, -4587)]
[(2188, 1404), (252, -2142), (-821, -3909)]
[(2181, 1491), (241, -2132), (-924, -4512)]
[(2081, 1303), (-924, -4512)]
[(1999, 1249), (223, -2136), (-849, -4536)]
[(2075, 1483), (221, -2114)]
[(1990, 1319), (217, -2122), (-738, -4555)]
[(-400, 2819)]
[(-44, -2608), (-420, 2819), (-714, -4881)]
[(-44, -2608), (-420, 2819)]
[(0, -2521), (-422, 2754)]
[(-43, -2247), (-432, 2754)]
[(-11, -2165), (-432, 2754)]
[(-11, -2165), (-432, 2754), (-423, -4959)]
[(7, -2230), (-433, 2757)]
[(55, -2113), (-291, -4830)]
[(112, -2074)]
[(129, -2168)]
[(195, -2117)]
[(255, -1995)]
[(258, -2024)]
[(258, -2024)]
[(322, -1899), (-412, 2821)]
[(460, -1598), (-404, 2756)]
[(467, -1253), (-396, 2692)]
[(657, -816), (-394, 2757), (394, -4914)]
[(992, 66), (-392, 2822)]
[(1014, 200), (-392, 2822), (517, -4684)]
[(-390, 2889), (622, -4683)]
[(-382, 2823)]
[(-382, 2823)]
[(-374, 2757)]
[(799, -2499), (-372, 2824), (806, -4450)]
[(-372, 2824), (897, -4137)]
[(-364, 2759), (925, -4758)]
[(-364, 2759), (925, -4758)]
[(-364, 2759), (1039, -4886)]
[(-362, 2826), (1081, -4047)]
[(-362, 2824), (1137, -4895)]
[(-362, 2824), (1169, -4055)]
[(-362, 2826), (1255, -4152)]
[(-362, 2826)]
[(-362, 2826)]
[(-354, 2760)]
[(-354, 2760), (1435, -4251)]
[(-354, 2760), (1480, -4636)]
[(-354, 2760), (1549, -4318)]
[(-354, 2760), (1542, -3413)]
[(-354, 2760), (1613, -3969)]
[(-354, 2760), (1598, -3059)]
[(-354, 2760), (1656, -3428)]
[(-352, 2826), (1703, -3271)]
[(-352, 2826), (1688, -2771)]
[(-352, 2826), (1748, -3129)]
[(-352, 2826), (1748, -3129)]
[(1588, 3816), (125, -1241), (1795, -3053)]
[(125, -1241), (1517, 3571), (1795, -3053)]
[(121, -1212), (1557, 3834), (1851, -2989)]
[(117, -1173), (1565, 4033), (1991, -3323)]
[(117, -1173), (1468, 3685), (1941, -2602)]
[(110, -1113), (1450, 3872), (2012, -2919)]
[(103, -1060), (1516, 4353), (1961, -2257)]
[(103, -1060), (1516, 4353), (2195, -3307)]
[(100, -996), (1511, 4574), (2442, -4401)]
[(103, -984), (1436, 4282), (2085, -1284), (2379, -3831)]
[(102, -973), (1449, 4381), (2476, -3734)]
[(104, -962), (1399, 4184), (2353, -2767)]
[(108, -916), (1375, 4177), (2554, -3513)]
[(114, -857), (1375, 4272), (2441, -2715)]
[(114, -857), (1375, 4272), (2729, -3567)]
[(112, -832), (1399, 4471), (2682, -3134)]
[(124, -781), (1375, 4370), (2682, -3134)]
[(134, -742), (1350, 4270), (2979, -4073)]
[(134, -742), (1350, 4270), (2772, -2954)]
[(132, -729), (1362, 4369), (3067, -3874)]
[(139, -703), (1362, 4369)]
[(149, -661), (1362, 4369)]
[(148, -647), (1374, 4470)]
[(155, -619), (1374, 4470), (2948, 2294)]
[(165, -575), (1350, 4368), (2705, 1884)]
[(165, -575), (1350, 4368), (2917, 2401)]
[(167, -589), (1338, 4268), (2992, 2581)]
[(181, -529), (1338, 4268)]
[(200, -450), (1362, 4368), (2749, 2158)]
[(200, -451), (1363, 4367), (2883, 2489)]
[(220, -367), (1363, 4367), (2445, 1710)]
[(241, -279), (1362, 4368)]
[(241, -279), (1362, 4368)]
[(259, -206), (1362, 4368)]
[(259, -206), (1363, 4367)]
[(269, -186), (1399, 4465)]
[(279, -148), (1423, 4565)]
[(279, -148), (1423, 4565)]
[(187, 2945)]
[(194, 2749)]
[(194, 2749)]
[(367, -2277), (649, -1861), (996, -1350)]
[(342, -1292), (932, 235), (1819, 2527)]
[(352, -1266), (1164, 835)]
[(338, -636), (1658, 3741)]
[(347, -607), (1558, 3409)]
[(344, -496), (1661, 4038)]
[(354, -464), (1469, 3380)]
[(351, -326), (1576, 4089), (357, 1369)]
[(359, -159), (1577, 4415), (386, 1830)]
[(369, -121), (1524, 4217), (386, 1830)]
[(374, 800)]
[(374, 861)]
[(374, 861), (443, 2085)]
[(387, 927), (469, 2134)]
[(387, 927)]
[(401, 994), (469, 2118)]
[(422, 1064), (491, 2161)]
[(445, 1137), (512, 2187)]
[(445, 1137), (512, 2187)]
[(445, 1137), (536, 2196)]
[(460, 1208)]
[(468, 1209), (600, 2250)]
[(468, 1209)]
[(492, 1322)]
[(508, 1361)]
[(508, 1361)]
[(507, 1323)]
[(540, 1404)]
[(596, 1659)]
[(1140, 3975), (780, 2166)]
[(1115, 3716), (810, 2249)]
[(1155, 3890), (844, 2262)]
[(1155, 3890), (844, 2262)]
[(1138, 3719), (854, 2204)]
[(1182, 3812), (890, 2205)]
[(1202, 3900), (913, 2279)]
[(1214, 3902), (928, 2211)]
[(1204, 3815), (956, 2307)]
[(1226, 3903), (1017, 2393)]
[(1259, 3995), (990, 2482)]
[(1259, 3995), (990, 2482)]
[(1294, 4093), (1007, 2251)]
[(1294, 4093), (1021, 2305)]
[(1329, 4190), (1046, 2215)]
[(1329, 4190), (1085, 2168)]
[(1329, 4190)]
[(1365, 4292)]
[(1354, 4195)]
[(1378, 4292)]
[(1378, 4292)]
[(1366, 4196)]
[(1343, 4009)]
[(1367, 4106)]
[(1356, 4015)]
[(1366, 4011)]
[(1366, 4011)]
[(1333, 3747)]
[(1377, 3918)]
[(1377, 3918)]
[(1378, 3833)]
[(1356, 3662)]
[(1378, 3661)]
[(1377, 3658)]
[(1377, 3656)]
[(1401, 3744)]
[(1401, 3744)]
[(1401, 3744)]
[(1401, 3744)]
[(1400, 3746)]
[(1400, 3746)]
[(1377, 3659)]
[(1400, 3831)]
[(1400, 3831)]
[(1389, 3831)]
[(1366, 3744)]
[(1366, 3744)]
[(1366, 3831)]
[(1366, 3832)]
[(1377, 3920)]
[(1377, 3920)]
[(1366, 3924)]
[(1366, 3924)]
[(1366, 3924)]
[(1366, 3924)]
[(1366, 3924)]
[(1366, 3924)]
[(1366, 3924)]
[(1378, 3924)]
[(1379, 3928)]
[(1379, 3928)]
[(1401, 4015)]
[(1402, 4019)]
[(1402, 4019)]
[(1402, 4019)]
[(1402, 4020)]
[(1402, 4020)]
