[(1693, 4305)]
[(1693, 4305)]
[(1719, 4395)]
[(1723, 4494)]
[(1693, 4387)]
[(1727, 4598)]
[(1768, 4935)]
[(1768, 4935)]
[]
[(1580, 4520)]
[(1574, 4648)]
[(1547, 4547)]
[(1577, 4760)]
[(1593, 4871)]
[(1594, 4876)]
[(1565, 4766)]
[(1567, 4876)]
[(1567, 4876)]
[(1583, 4989)]
[(1553, 4869)]
[(1524, 4752)]
[(1524, 4752)]
[(1510, 4745)]
[(1470, 4630)]
[(1470, 4630)]
[(1483, 4737)]
[(1406, 4419)]
[(1405, 4514)]
[(1405, 4514)]
[(1367, 4410)]
[(1355, 4408)]
[(1355, 4408)]
[(1367, 4509)]
[(1343, 4411)]
[(1330, 4409)]
[(1330, 4409)]
[(1307, 4308)]
[(1295, 4306)]
[(1295, 4306)]
[(1295, 4306)]
[(1295, 4306)]
[(1295, 4306)]
[(1306, 4404)]
[(1306, 4404)]
[(1306, 4404)]
[(1306, 4404)]
[(1306, 4404)]
[(1306, 4404)]
[(1306, 4404)]
[(1306, 4404)]
[(1306, 4404)]
[(1282, 4304)]
[(1283, 4308)]
[(1283, 4308)]
[(1283, 4308)]
[(1282, 4304)]
[(1283, 4308)]
[(1283, 4308)]
[(1283, 4308)]
[(1283, 4308)]
[(1283, 4308)]
[(1283, 4308)]
[(1283, 4308)]
[(1270, 4306)]
[(1260, 4210)]
[(1284, 4312)]
[(1284, 4312)]
[(1284, 4312)]
[(1284, 4312)]
[(1284, 4312)]
[(1284, 4312)]
[(1284, 4312)]
[(1284, 4312)]
[(1284, 4312)]
[(1284, 4312)]
[(1283, 4312)]
[(1283, 4312)]
[(1283, 4312)]
[(1283, 4312)]
[(1283, 4312)]
[(1283, 4312)]
[(1283, 4312)]
[(1283, 4312)]
[(1283, 4312)]
[(1283, 4312)]
[(1283, 4312)]
[(1283, 4312)]
[(1283, 4312)]
[(1283, 4312)]
[(1283, 4312)]
[(1283, 4312)]
[(1283, 4312)]
[(1283, 4312)]
[(1283, 4312)]
[(1283, 4312)]
[(1283, 4312)]
[(1283, 4312)]
[(1283, 4312)]
[(1283, 4312)]
[(1283, 4312)]
[(1283, 4312)]
[(1283, 4312)]
[(1283, 4312)]
[(1283, 4312)]
[(1283, 4312)]
[(1283, 4312)]
[(1283, 4312)]
[(1283, 4312)]
[(1283, 4312)]
[(1283, 4312)]
[(1283, 4312)]
[(1283, 4312)]
[(1283, 4312)]
[(1283, 4312)]
[(1283, 4312)]
[(1283, 4312)]
[(1284, 4316)]
[(1284, 4316)]
[(1284, 4316)]
[(1284, 4316)]
[(1284, 4316)]
[(1284, 4316)]
[(1284, 4316)]
[(1283, 4312)]
[(1284, 4316)]
[(1284, 4316)]
[(1283, 4312)]
[(1283, 4312)]
[(1284, 4316)]
[(1284, 4316)]
[(1284, 4316)]
[(1283, 4312)]
[(1283, 4312)]
[(1283, 4312)]
[(1283, 4312)]
[(1283, 4312)]
[(1283, 4312)]
[(1284, 4316)]
[(1307, 4413)]
[(1331, 4516)]
[(1319, 4415)]
[(1320, 4415)]
[(1319, 4411)]
[(1319, 4411)]
[(1308, 4312)]
[(1308, 4316)]
[(1308, 4316)]
[(1308, 4316)]
[(1369, 4518)]
[(1369, 4518)]
[(1357, 4416)]
[(1407, 4625)]
[(1432, 4629)]
[(1432, 4629)]
[(1471, 4734)]
[(1481, 4721)]
[(1509, 4837)]
[(1524, 4949)]
[(1524, 4950)]
[]
[]
[]
[]
[]
[]
[]
[]
[]
[]
[]
[]
[]
[]
[]
[]
[]
[]
[]
[]
[]
[]
[]
[(2068, 4742)]
[(2068, 4742)]
[(2068, 4742)]
[(2017, 4609)]
[(1970, 4495)]
[(1970, 4495)]
[(1949, 4517)]
[(1908, 4432)]
[(1950, 4658)]
[(1950, 4658)]
[(1924, 4575)]
[(1940, 4718)]
[(1906, 4606)]
[(1927, 4722)]
[(1971, 4960)]
[(1971, 4960)]
[]
[]
[]
[]
[]
[]
[]
[]
[]
[]
[]
[]
[]
[]
[]
[]
[]
[]
[(1944, 4954)]
[(1944, 4954)]
[(1944, 4954)]
[]
[]
[]
[(1959, 4964)]
[(1959, 4968)]
[(1959, 4968)]
[(1960, 4971)]
[]
[(1960, 4971)]
[(1938, 4854)]
[(1904, 4738)]
[(1884, 4622)]
[(1848, 4499)]
[(1829, 4389)]
[(1805, 4260)]
[(1803, 4256)]
[(1802, 4252)]
[(1802, 4252)]
[(1757, 4062)]
[(1757, 4062)]
[(1739, 3961)]
[(1739, 3961)]
[(1713, 3876)]
[(1713, 3876)]
[(1696, 3775)]
[(1724, 3866)]
[(1733, 3850)]
[(1700, 3662)]
[(1668, 3486)]
[(1744, 3728)]
[(1790, 3677)]
[(1704, 3225)]
[(1916, 3863)]
[(1916, 3863)]
[(1986, 3870)]
[(1986, 3870)]
[(1997, 3705)]
[(2023, 3578)]
[(1874, 2907)]
[(2004, 3256)]
[]
[]
[]
[]
[(2084, 2316)]
[(2439, 3111)]
[(2228, 2409)]
[(2310, 2312)]
[(2077, 1586)]
[(2325, 2076)]
[(2325, 2076)]
[(2326, 1880)]
[(2464, 2143)]
[(2326, 1757)]
[(2248, 1539)]
[(2339, 1705)]
[(2385, 1728)]
[(2321, 1553)]
[(2559, 1979)]
[(2932, 2646)]
[(2882, 2524)]
[(2858, 2464)]
[(3496, 3596)]
[]
[]
[]
[(4330, 4999)]
[(4287, 4901)]
[(4287, 4901), (1383, 1266)]
[(2689, 2093), (1378, 1129)]
[(2067, 1011)]
[(1704, 412)]
[(1772, 622)]
[(1467, 66)]
[(1532, 292)]
[(1287, -164)]
[(1197, -334)]
[(1240, -155)]
[(1183, -163)]
[(1081, -365)]
[(1122, -170)]
[(1172, 70)]
[(1048, -194)]
[(999, -139)]
[(961, -41)]
[(961, -41)]
[(961, -41)]
[(923, -80)]
[(907, -118)]
[(915, -59)]
[(915, -59)]
[(913, -79)]
[(921, -60)]
[(921, -60)]
[(918, -81)]
[(918, -81)]
[(918, -81)]
[(904, -100)]
[(910, -61)]
[(885, -120)]
[(856, -139)]
[(866, -61)]
[(835, -140)]
[(835, -140)]
[(815, -122)]
[(815, -122)]
[(796, -104)]
[(780, -105)]
[(786, -45)]
[(756, -125)]
[(741, -164)]
[(747, -106)]
[(747, -106)]
[(751, -66)]
[(751, -65)]
[(751, -65)]
[(767, -23)]
[(778, -22)]
[(778, -22)]
[(778, -22)]
[(783, -22)]
[(783, -22)]
[(783, -22)]
[(783, -22)]
[(783, -22)]
[(783, -22)]
[(783, -22)]
[(783, -22)]
[(775, -43)]
[(770, -43)]
[(770, -43)]
[(757, -64)]
[(763, -2)]
[(763, -2)]
[(748, -44)]
[(737, -44)]
[(730, -65)]
[(731, -44)]
[(733, -24)]
[(748, 18)]
[(748, 18)]
[(746, -2)]
[(763, -1)]
[(786, 63)]
[(786, 63)]
[(792, 63)]
[(790, 42)]
[(798, 63)]
[(792, 62)]
[(794, 84)]
[(763, -1)]
[(711, -143)]
[(722, -24)]
[(733, 103)]
[(667, -88)]
[(568, -1111), (623, 763)]
[(610, -360)]
[(557, -507)]
[(525, -288)]
[(491, -390)]
[(491, -390)]
[(498, -97)]
[(466, -51)]
[(428, 17)]
[(428, 17)]
[(390, 49), (444, 1631)]
[(390, 49), (411, 1554)]
[(339, 39)]
[(339, 39)]
[(286, 76)]
[(238, -133)]
[(227, 91)]
[(183, 160)]
[(183, 160)]
[(130, 163)]
[(112, 407)]
[(75, 187)]
[(31, -72)]
[(-48, -182)]
[(-86, 103)]
[(-129, 435)]
[(-166, 96)]
[(-248, 132)]
[(-298, 419)]
[(-318, 123)]
[(-318, 123)]
[(-389, 89)]
[(-450, 372)]
[(-457, 122)]
[(-538, 161)]
[(-616, 202)]
[(-616, 202)]
[(-616, 202)]
[(-669, 186)]
[(-665, 24)]
[(-704, 157)]
[(-730, 74)]
[(-730, 74)]
[(-761, -9)]
[(-774, 34)]
[(-769, -72)]
[(-759, -231)]
[(-745, -491)]
[(-745, -488)]
[(-739, -501)]
[(-713, -981)]
[(-653, -2038)]
[(-653, -2038)]
[(-766, 238)]
[(-762, 168)]
[(-762, 168)]
[(-770, 192)]
[(-785, 148)]
[(-823, 268)]
[(-816, 151)]
[(-857, 223), (-1362, -1447)]
[(-915, 396), (-1362, -1447)]
[(-915, 396), (-1362, -1447)]
[(-960, 534), (-1924, -2536)]
[(-961, 556), (-2972, -4563)]
[(-961, 556)]
[(-998, 646)]
[(-1008, 676)]
[(-1018, 707)]
[(-1018, 707)]
[(-1018, 707)]
[(-1018, 707)]
[(-1018, 707)]
[(-1018, 707)]
[(-1018, 707)]
[(-1018, 708)]
[(-1018, 708)]
[(-1007, 675)]
[(-981, 616)]
[(-979, 593), (-2624, -3985)]
[(-945, 509), (-2624, -3985)]
[(-892, 347), (-2389, -3519)]
[(-898, 425), (-1927, -2631)]
[(-911, 589), (-1927, -2631)]
[(-842, 368), (-1318, -1453)]
[(-842, 368)]
[(-642, -2364)]
[(-633, -2380)]
[(-716, -753)]
[(-723, -302)]
[(-701, -210)]
[(-701, -210)]
[(-701, -210)]
[(-689, -97)]
[(-674, -54)]
[(-674, -54)]
[(-669, -33)]
[(-676, -5)]
[(-695, 59)]
[(-695, 59)]
[(-693, -4)]
[(-721, -15)]
[(-721, -15)]
[(-766, -17)]
[(-815, 29)]
[(-869, 53)]
[(-869, 53)]
[(-941, 260)]
[(-921, 47)]
[(-921, 47)]
[(-966, -130)]
[(-889, -1167)]
[(-889, -1167)]
[(-955, -1043)]
[(-763, -2351)]
[]
[]
[]
[]
[]
[]
[]
[]
[]
[]
[]
[]
[]
[]
[]
[]
[]
[]
[]
[]
[]
[]
[]
[]
[]
[]
[]
[]
[]
[]
[]
[]
[]
[]
[]
[]
[]
[]
[]
[]
[]
[]
[]
[]
[]
[]
[]
[]
[]
[]
[]
[]
[]
[]
[]
[]
[]
[]
[]
[]
[]
[]
[(-3052, -4848)]
[]
[(1515, 4132)]
[(1514, 4132)]
[]
[]
[]
[(-2703, -4716)]
[]
[(-2271, -3946)]
[(-2520, -4654)]
[(-2361, -4484)]
[(-2361, -4484)]
[(-2216, -4311)]
[(-1957, -3725)]
[(-1766, -3383)]
[(-1817, -3545)]
[(-1817, -3545)]
[(-1614, -3098)]
[(-1391, -2582)]
[(-1391, -2581)]
[(-1280, -2323)]
[(-1203, -2144)]
[(-1204, -2145)]
[(-1204, -2145)]
[(-1170, -2086)]
[(-1171, -2086)]
[(-1172, -2086)]
[(-1187, -2142)]
[(-1214, -2203)]
[(-1214, -2203)]
[(-1214, -2203)]
[(-1231, -2263)]
[(-1232, -2264)]
[(-1266, -2383)]
[(-1300, -2506)]
[(-1300, -2506)]
[(-1335, -2632)]
[(-1335, -2632)]
[(-1392, -2836)]
[(-1413, -2912)]
[(-1354, -2768)]
[(-1355, -2771)]
[(-1325, -2698)]
[(-1325, -2699)]
[(-1212, -2428)]
[(-1212, -2428)]
[(-1210, -2424)]
[(-1209, -2423)]
[(-1176, -2304)]
[(-1176, -2304)]
[(-1145, -2189)]
[(-1145, -2189)]
[(-1170, -2247)]
[(-1201, -2364)]
[(-1253, -2489)]
[(-1315, -2682)]
[(-1334, -2748)]
[(-1334, -2748)]
[(-1334, -2748)]
[(-1334, -2748)]
[(-1352, -2816)]
[(-1296, -2679)]
[(-1242, -2547)]
[(-1242, -2547)]
[(-1242, -2547)]
[(-1226, -2484)]
[(-1226, -2484)]
[(-1153, -2244)]
[(-1109, -2078)]
[(-1109, -2078)]
[(-1086, -2023)]
[(-1085, -2021)]
[(-1057, -1915)]
[(-1102, -2021)]
[(-1201, -2253)]
[(-1201, -2253)]
[(-1201, -2253)]
[(-1229, -2318)]
[(-1281, -2442)]
[(-1264, -2381)]
[(-1292, -2445)]
[(-1292, -2445)]
[(-1292, -2445)]
[(-1292, -2445)]
[(-1292, -2445)]
[(-1293, -2446)]
[(-1293, -2446)]
[(-1293, -2446)]
[(-1294, -2447)]
[(-1311, -2509)]
[(-1294, -2447)]
[(-1295, -2449)]
[(-1279, -2392)]
[(-1255, -2334)]
[(-1272, -2397)]
[(-1249, -2341)]
[(-1269, -2411)]
[(-1342, -2670)]
[(-1344, -2674)]
[(-1365, -2792)]
[(-1326, -2700)]
[(-1402, -2976)]
[(-1382, -3024)]
[(-1382, -3024)]
[(-1400, -3167)]
[(-1400, -3167)]
[(-1389, -3240)]
[(-1300, -3014)]
[(-296, 874)]
[(-818, -1150)]
[(-750, -996)]
[(-981, -2035)]
[(-981, -2035)]
[(-1130, -2824)]
[(-1099, -2888)]
[(-1099, -2888)]
[(-1082, -3018)]
[(-936, -2611)]
[(-1076, -3246)]
[(-1272, -4130)]
[(-1092, -3595)]
[(-1334, -4728)]
[(-1169, -4212)]
[]
[(-1229, -4903)]
[]
[]
[]
[]
[]
[]
[]
[]
[(-660, -4909)]
[(-184, -1760), (-660, -4909)]
[(-184, -1760), (-536, -4679)]
[(-134, -1918), (-396, -4071)]
[(-85, -1999), (-490, -4887)]
[(-37, -2087)]
[(-37, -2087), (-280, -4334)]
[(143, -2692), (-342, -4972)]
[(55, -2033), (-191, -4222)]
[(55, -2033), (-245, -4841)]
[(75, -2125), (-130, -4598)]
[(121, -2016), (-130, -4598)]
[(167, -1908), (-47, -4582)]
[(178, -1989), (59, -3981)]
[(226, -1929), (110, -4250)]
[(230, -1969), (110, -4250)]
[(274, -1876)]
[(278, -1928)]
[(342, -1878)]
[(420, -1725)]
[(420, -1725), (344, -4398)]
[(527, -1641), (332, -4936)]
[(679, -1449)]
[(679, -1449), (447, -4579)]
[(517, -4368)]
[(582, -3797)]
[(584, -4262)]
[(644, -3707)]
[(697, -3705)]
[(708, -4261)]
[(708, -4261)]
[(765, -4254)]
[(806, -3781)]
[(822, -4249)]
[(866, -3689)]
[(925, -3597)]
[(958, -4237)]
[(987, -3768)]
[(1026, -4442)]
[(1057, -3857)]
[(1103, -4550)]
[(1162, -4567)]
[(1162, -4567)]
[(1215, -4350)]
[(1215, -4350)]
[(1271, -3964)]
[(1323, -3611)]
[(1323, -3611)]
[(1358, -3364)]
[(1364, -2987)]
[(1400, -3288)]
[(1404, -2847)]
[(1441, -3136)]
[(1491, -3534)]
[(1490, -3140)]
[(1530, -3068)]
[(1526, -2709)]
[(1578, -3061)]
[(1626, -2990)]
[(1615, -2514)]
[(1693, -2988)]
[(1681, -2574)]
[(1764, -3056)]
[(1747, -2634)]
[(1787, -2500)]
[(1850, -2829)]
[(1822, -2309)]
[(1873, -2557)]
[(1834, -1903)]
[(1893, -2178)]
[(1904, -1841)]
[(1876, -1443)]
[(1944, -1724)]
[(1944, -1724)]
[(1991, -1711)]
[(1963, -1394)]
[(2049, -1718)]
[(2091, -1660)]
[(2054, -1311)]
[(2143, -1626)]
[(2143, -1626)]
[(2217, -1706)]
[(2261, -1669)]
[(2261, -1669)]
[(2304, -1579)]
[(2139, -450)]
[(2207, -640)]
[]
[]
[]
[]
[(2543, 1610)]
[(2575, 1694)]
[(2521, 1642)]
[(2394, 1425)]
[(2394, 1425)]
[(2312, 1339)]
[]
[]
[]
[(2854, 2455)]
[(2468, 1770)]
[(2269, 1416)]
[(2331, 1586)]
[(2255, 1449)]
[(2316, 1616)]
[(2381, 1794)]
[(2327, 1786)]
[(2195, 1539)]
[(2163, 1568)]
[(2269, 1882)]
[(2269, 1882)]
[(2120, 1591)]
[(2063, 1589)]
[(2063, 1589)]
[(1988, 1582)]
[(1905, 1592)]
[(2038, 2057)]
[(1802, 1543)]
[(1802, 1543)]
[(1748, 1582)]
[(1748, 1582)]
[(1694, 1620)]
[(1622, 1616)]
[(1743, 2138)]
[(1743, 2138)]
[(1421, 1075)]
[(1297, 781)]
[(1499, 1795)]
[(1367, 1449)]
[(1340, 1647)]
[(1406, 2022)]
[(1277, 1652)]
[(1368, 2203)]
[(1206, 1714)]
[(1206, 1714)]
[(1119, 1735), (1291, 3544)]
[(1054, 1879), (1308, 3547)]
[(949, 1521), (1308, 3547)]
[(1010, 2098)]
[(1051, 2491)]
[(995, 2494)]
[(910, 2159)]
[(910, 2159)]
[(869, 2209)]
[(793, 1899)]
[(730, 1846)]
[(748, 2141)]
[(771, 2526)]
[(673, 2079)]
[(603, 2072)]
[(603, 2072)]
[(542, 1778)]
[(551, 2115)]
[(561, 2496)]
[(509, 2212)]
[(464, 2258)]
[(409, 2249)]
[(410, 2711)]
[(329, 2182)]
[(329, 2182)]
[(323, 2633)]
[(257, 2171)]
[(200, 2271)]
[(152, 2318)]
[(152, 2318)]
[(115, 2313)]
[(87, 2307)]
[(87, 2307)]
[(87, 2307)]
[(60, 2304)]
[(21, 2190)]
[(21, 2190)]
[(-14, 2187)]
[(-54, 2239)]
[(-54, 2239)]
[(-72, 2463)]
[(-91, 2237)]
[(-132, 2287)]
[(-132, 2287)]
[(-176, 2175)]
[(-210, 2511)]
[(-230, 2169)]
[(-273, 2565)]
[(-287, 2272)]
[(-369, 2557)]
[(-377, 2320)]
[(-377, 2320)]
[(-402, 2374)]
[(-402, 2374)]
[(-426, 2551)]
[(-446, 2485)]
[(-447, 2423)]
[(-455, 2476)]
[(-455, 2476)]
[(-456, 2414)]
[(-455, 2415)]
[(-464, 2472)]
[(-482, 2471)]
[(-482, 2471)]
[(-502, 2416)]
[(-539, 2657)]
[(-539, 2657)]
[(-540, 2478)]
[(-569, 2420)]
[(-608, 2662)]
[(-607, 2480)]
[(-637, 2539)]
[(-658, 2663)]
[(-658, 2663)]
[(-656, 2541)]
[(-676, 2600)]
[(-687, 2663)]
[(-686, 2602)]
[(-697, 2663)]
[(-697, 2663)]
[(-697, 2663)]
[(-696, 2602)]
[(-696, 2602)]
[(-696, 2602)]
[(-696, 2602)]
[(-696, 2602)]
[(-696, 2602)]
[(-696, 2602)]
[(-696, 2602)]
[(-696, 2602)]
[(-696, 2602)]
[(-696, 2602)]
[(-697, 2664)]
[(-688, 2727)]
[(-688, 2727)]
[(-659, 2792)]
[(-607, 2480)]
[(-609, 2729)]
[(-570, 2482)]
[(-569, 2668)]
[(-541, 2674)]
[(-541, 2674)]
[(-513, 2617)]
[(-478, 2379)]
[(-473, 2683)]
[(-415, 2686)]
[(-415, 2686)]
[(-402, 3164)]
[(-334, 3315)]
[(-274, 2755)]
[(-274, 2755)]
[(-187, 2894)]
[(-81, 2835)]
[(-37, 2240)]
[(1, 2652), (-284, 717)]
[(78, 2660), (-321, 566)]
[(135, 3205), (-83, 1028)]
[(135, 3205), (66, 1293)]
[(156, 2668)]
[(234, 2681)]
[(234, 2681)]
[(312, 2758)]
[(390, 3322), (369, 1645)]
[(390, 3322), (448, 1816)]
[(391, 2770)]
[(450, 2782)]
[(447, 2366)]
[(508, 2729)]
[(556, 2674)]
[(625, 2683)]
[(608, 2225)]
[(703, 2697)]
[(806, 2773)]
[(806, 2773)]
[(806, 2773)]
[(895, 2785)]
[(945, 2670)]
[(945, 2670)]
[(994, 2676)]
[(1027, 2616)]
[(1003, 2379)]
[(1081, 2675)]
[(1081, 2675)]
[(1145, 2734)]
[(1255, 3141)]
[(1194, 2658), (1413, 899)]
[(1278, 2708), (1551, 541)]
[(1278, 2708)]
[(1350, 2671)]
[(1273, 2160)]
[(1398, 2553)]
[(1586, 3143)]
[(1478, 2527)]
[(1374, 1930)]
[(1558, 2455)]
[(1596, 2188)]
[(1372, 1084)]
[(1544, 1505)]
[(934, -1512)]
[(981, -1445)]
[(1912, 2357)]
[(1912, 2357)]
[(1979, 2302)]
[(1846, 1798)]
[(2074, 2312)]
[(2192, 2349)]
[(2012, 1746)]
[(2012, 1746)]
[(2078, 1666)]
[(2296, 2104)]
[(2463, 2438)]
[(2285, 1913)]
[(2310, 1834)]
[(2299, 1706)]
[(2299, 1706)]
[(2443, 1895)]
[(2443, 1895)]
[(2605, 2127)]
[(2605, 2127)]
[(2886, 2551)]
[(2815, 2374)]
[]
[]
[]
[]
[(2496, 1733)]
[(2512, 1731)]
[(2512, 1688)]
[(2512, 1688)]
[(2493, 1641)]
[(2476, 1598)]
[(2400, 1467)]
[(2400, 1467)]
[(2236, 1183)]
[(2090, 932)]
[(1463, 1251)]
[(1405, 1421)]
[(1398, 1140)]
[(2083, 997)]
[(2186, 1281)]
[(1710, 510)]
[(1466, 67)]
[(1316, -207)]
[(1362, -34)]
[(1419, 180)]
[(1269, -109)]
[(1193, -143)]
[(1249, 102)]
[(1098, -209)]
[(988, -435)]
[(1035, -176)]
[(1035, -176)]
[(932, -267)]
[(855, -303)]
[(891, -40)]
[(806, -250)]
[(748, -215)]
[(774, 42)]
[(679, -219)]
[(679, -219)]
[(611, -207)]
[(594, -546)]
[(534, -707), (568, 822)]
[(502, -365)]
[(469, -216)]
[(469, -216)]
[(473, 39)]
[(421, -145)]
[(421, -145)]
[(373, -97)]
[(314, -320), (385, 1228)]
[(308, -107)]
[(250, -45)]
[(240, 188)]
[(198, -9)]
[(188, 173)]
[(158, 176)]
[(141, 87)]
[(137, 66)]
[(132, 135)]
[(132, 137)]
[(132, 137)]
[(140, 183)]
[(145, 114)]
[(154, 158)]
[(155, 134)]
[(155, 134), (319, 1883)]
[(157, 111), (372, 2470)]
[(157, 111), (372, 2470)]
[(147, 89)]
[(143, 134)]
[(131, 69)]
[(112, 96)]
[(104, 188)]
[(101, 171)]
[(101, 171)]
[(72, 161)]
[(67, 208)]
[(60, 166)]
[(52, 189)]
[(42, 166)]
[(42, 166), (253, 1784)]
[(31, 99), (241, 1762)]
[(26, 143), (280, 2083)]
[(19, 99), (299, 3934)]
[(12, 165), (295, 3934)]
[(7, 164)]
[(3, 141)]
[(-2, 186)]
[(-8, 184)]
[(-10, 207)]
[(-10, 207)]
[(-10, 207)]
[(-10, 204)]
[(-9, 247)]
[(-9, 247)]
[(-6, 223)]
[(10, 237)]
[(7, 211)]
[(12, 164)]
[(15, 186)]
[(22, 232)]
[(27, 185)]
[(32, 140)]
[(39, 185)]
[(47, 162)]
[(53, 161)]
[(53, 160)]
[(53, 160)]
[(50, 138)]
[(50, 138)]
[(50, 138)]
[(38, 139)]
[(20, 138)]
[(20, 138)]
[(3, 137)]
[(-14, 182)]
[(-14, 182)]
[(-14, 182)]
[(-23, 206)]
[(-32, 182)]
[(-32, 182)]
[(-35, 205)]
[(-35, 205)]
[(-35, 205)]
[(-37, 229)]
[(-37, 229)]
[(-34, 254)]
[(-24, 328)]
[(-19, 280)]
[(6, 279)]
[(6, 279)]
[(18, 162)]
[(58, 116)]
[(93, 327)]
[(137, 592)]
[(155, 324)]
[(170, 88)]
[(206, 271)]
[(239, 218)]
[(259, 164)]
[(259, 164)]
[(259, 164)]
[(262, 93)]
[(262, 93)]
[(267, 116)]
[(267, 118)]
[(262, 96)]
[(262, 96)]
[(261, 119)]
[(261, 119)]
[(261, 119)]
[(255, 120)]
[(255, 120)]
[(250, 98)]
[(250, 98)]
[(249, 121)]
[(247, 170)]
[(237, 124)]
[(225, 128)]
[(225, 128)]
[(209, 105)]
[(209, 105)]
[(202, 129)]
[(200, 175)]
[(186, 107)]
[(179, 131), (355, 2213)]
[(170, 86), (355, 2213)]
[(167, 132)]
[(167, 132)]
[(160, 155)]
[(144, 133)]
[(144, 133)]
[(122, 113)]
[(115, 205)]
[(115, 205)]
[(102, 137)]
[(79, 137)]
[(59, 161)]
[(59, 161)]
[(55, 207)]
[(55, 207)]
[(55, 207)]
[(57, 184)]
[(65, 231)]
[(73, 208)]
[(73, 208)]
[(75, 184)]
[(73, 208)]
[(73, 208)]
[(69, 185)]
[(63, 256)]
[(47, 162)]
[(26, 30)]
[(-6, 9)]
[(-6, 9)]
[(-21, 139)]
[(-62, 183)]
[(-77, 301)]
[(-92, 181)]
[(-112, 202)]
[(-112, 202)]
[(-122, 273)]
[(-125, 249)]
[(-131, 249)]
[(-137, 249)]
[(-144, 186)]
[(-148, 209)]
[(-148, 209)]
[(-160, 208)]
[(-160, 208)]
[(-166, 207)]
[(-169, 230)]
[(-169, 230)]
[(-172, 254)]
[(-172, 254)]
[(-172, 254)]
[(-172, 254)]
[(-172, 254)]
[(-169, 230)]
[(-169, 230)]
[(-166, 255)]
[(-163, 231)]
[(-163, 231)]
[(-158, 279)]
[(-146, 281)]
[(-140, 281)]
[(-140, 281)]
[(-128, 282)]
[(-116, 283)]
[(-116, 283)]
[(-112, 258)]
[(-112, 258)]
[(-112, 258)]
[(-112, 258)]
[(-121, 233)]
[(-139, 233)]
[(-139, 233)]
[(-146, 280)]
[(-152, 279)]
[(-157, 232)]
[(-157, 232)]
[(-160, 255)]
[(-164, 279)]
[(-164, 279)]
[(-164, 279)]
[(-164, 279)]
[(-164, 279)]
[(-164, 279)]
[(-164, 279)]
[(-164, 279)]
[(-164, 279)]
[(-164, 279)]
[(-160, 255)]
[(-160, 255)]
[(-158, 281)]
[(-151, 233)]
[(-143, 305)]
[(-143, 305)]
[(-119, 351)]
[(-119, 351)]
[(-95, 352)]
[(-61, 379)]
[(-44, 233)]
[(-27, 355)]
[(9, 306)]
[(9, 306)]
[(9, 306)]
[(26, 258)]
[(35, 235)]
[(33, 188)]
[(33, 188)]
[(18, 164)]
[(8, 258)]
[(-3, 187)]
[(-3, 187)]
[(-20, 186)]
[(-38, 232)]
[(-44, 186)]
[(-53, 256)]
[(-59, 304)]
[(-65, 255)]
[(-65, 255)]
[(-74, 279)]
[(-77, 304)]
[(-77, 304)]
[(-74, 327)]
[(-71, 302)]
[(-58, 404)]