[(1531, 4526)]
[(1517, 4423)]
[(1517, 4423)]
[(1517, 4423)]
[(1518, 4428)]
[(1518, 4428)]
[(1543, 4526)]
[(1543, 4526)]
[(1529, 4425)]
[(1529, 4424)]
[(1529, 4424)]
[(1529, 4424)]
[(1529, 4425)]
[(1557, 4533)]
[(1530, 4429)]
[(1530, 4429)]
[(1544, 4532)]
[(1544, 4532)]
[(1518, 4430)]
[(1532, 4532)]
[(1520, 4536)]
[(1467, 4328)]
[(1442, 4326)]
[(1442, 4326)]
[(1442, 4326)]
[(1418, 4322)]
[(1394, 4324)]
[(1419, 4526)]
[(1395, 4431)]
[(1359, 4333)]
[(1359, 4333)]
[(1359, 4333)]
[(1347, 4331)]
[(1334, 4329)]
[(1346, 4428)]
[(1320, 4319)]
[(1283, 4211)]
[(1283, 4211)]
[(1294, 4306)]
[(1281, 4300)]
[(1237, 4111)]
[(1237, 4111)]
[(1247, 4204)]
[(1225, 4112)]
[(1213, 4110)]
[(1213, 4110)]
[(1223, 4204)]
[(1223, 4204)]
[(1201, 4108)]
[(1201, 4108)]
[(1202, 4112)]
[(1210, 4201)]
[(1210, 4201)]
[(1210, 4201)]
[(1189, 4109)]
[(1189, 4109)]
[(1190, 4113)]
[(1190, 4113)]
[(1190, 4113)]
[(1212, 4209)]
[(1190, 4113)]
[(1190, 4113)]
[(1191, 4117)]
[(1191, 4117)]
[(1191, 4117)]
[(1191, 4117)]
[(1200, 4210)]
[(1200, 4210)]
[(1200, 4210)]
[(1200, 4210)]
[(1200, 4210)]
[(1200, 4210)]
[(1200, 4210)]
[(1200, 4210)]
[(1200, 4210)]
[(1200, 4210)]
[(1200, 4210)]
[(1200, 4210)]
[(1200, 4210)]
[(1200, 4210)]
[(1200, 4210)]
[(1200, 4210)]
[(1200, 4210)]
[(1200, 4210)]
[(1210, 4306)]
[(1188, 4208)]
[(1188, 4208)]
[(1188, 4208)]
[(1188, 4208)]
[(1188, 4208)]
[(1188, 4208)]
[(1188, 4208)]
[(1188, 4208)]
[(1188, 4208)]
[(1188, 4208)]
[(1188, 4208)]
[(1188, 4208)]
[(1188, 4208)]
[(1188, 4208)]
[(1188, 4208)]
[(1188, 4208)]
[(1188, 4208)]
[(1188, 4208)]
[(1188, 4208)]
[(1189, 4212)]
[(1189, 4212)]
[(1189, 4212)]
[(1189, 4212)]
[(1189, 4212)]
[(1189, 4212)]
[(1189, 4212)]
[(1189, 4212)]
[(1189, 4212)]
[(1189, 4212)]
[(1189, 4212)]
[(1189, 4212)]
[(1189, 4212)]
[(1189, 4212)]
[(1189, 4212)]
[(1189, 4212)]
[(1179, 4118)]
[(1179, 4118)]
[(1179, 4118)]
[(1179, 4118)]
[(1179, 4118)]
[(1179, 4118)]
[(1200, 4210)]
[(1200, 4210)]
[(1200, 4210)]
[(1200, 4210)]
[(1200, 4210)]
[(1200, 4210)]
[(1200, 4210)]
[(1191, 4117)]
[(1191, 4121)]
[(1191, 4121)]
[(1191, 4120)]
[(1203, 4119)]
[(1203, 4119)]
[(1203, 4119)]
[(1212, 4209)]
[(1190, 4113)]
[(1190, 4113)]
[(1190, 4113)]
[(1211, 4205)]
[(1211, 4205)]
[(1233, 4299)]
[(1223, 4204)]
[(1268, 4398)]
[(1306, 4404)]
[(1273, 4116)]
[(1369, 4522)]
[(1369, 4522)]
[(1431, 4626)]
[]
[(1467, 4518)]
[(1504, 4515)]
[(1614, 4949)]
[(1553, 4512)]
[(1497, 4115)]
[(1573, 4307)]
[(1629, 4519)]
[(1629, 4519)]
[(1643, 4526)]
[(1673, 4637)]
[(1656, 4532)]
[(1656, 4532)]
[(1686, 4643)]
[(1715, 4746)]
[(1732, 4858)]
[(1744, 4853)]
[]
[]
[(1788, 4968)]
[]
[]
[(1826, 4964)]
[]
[]
[]
[]
[]
[]
[]
[]
[]
[]
[]
[]
[]
[(2011, 4768)]
[(2011, 4768)]
[(2014, 4919)]
[]
[]
[]
[(1944, 4825)]
[(1930, 4820)]
[(1895, 4701)]
[(1914, 4806)]
[(1914, 4802)]
[(1882, 4692)]
[(1882, 4692)]
[(1882, 4692)]
[(1882, 4692)]
[(1882, 4692)]
[(1862, 4581)]
[(1844, 4478)]
[(1843, 4473)]
[(1853, 4455)]
[(1814, 4241)]
[(1843, 4334)]
[(1844, 4213)]
[(1844, 4213)]
[(1808, 4017)]
[(1895, 4297)]
[(2000, 4460)]
[(1916, 4031)]
[(1999, 4212)]
[(2065, 4414)]
[(1998, 4092)]
[(1998, 4092)]
[(2062, 4282)]
[(2076, 4238)]
[(2089, 4188)]
[(2089, 4188)]
[(2077, 4029)]
[(2000, 3675)]
[(2029, 3755)]
[(1956, 3422)]
[(1983, 3497)]
[(1992, 3441)]
[(2020, 3520)]
[(1943, 3176)]
[]
[]
[]
[]
[]
[]
[]
[(1943, 1999)]
[(2061, 2265)]
[(1961, 1908)]
[(1993, 1869)]
[(2088, 2072)]
[(2218, 2352)]
[(2122, 2035)]
[(2191, 2069)]
[(2191, 2069)]
[(2209, 1965)]
[(2091, 1598)]
[(2234, 1878)]
[(2130, 1564)]
[(2361, 2007)]
[(2361, 2007)]
[(2460, 2065)]
[(2596, 2189)]
[(2596, 2189)]
[(3097, 2944)]
[(4248, 4892)]
[(4099, 4562)]
[]
[]
[(-842, -4108)]
[(-842, -4108)]
[(2430, 1564)]
[(2412, 1519)]
[(2370, 1433)]
[(2370, 1433)]
[(2370, 1433)]
[(2299, 1309)]
[(2299, 1309), (1493, 3263)]
[(-1260, -4822), (1476, 3280)]
[(3173, 2846), (1483, 1070)]
[(2471, 1644), (1425, 1082)]
[(2471, 1644), (1378, 1240)]
[(2489, 1689), (1370, 1037)]
[(2238, 1276)]
[(2238, 1276), (1297, 903)]
[(1992, 867)]
[(1762, 461)]
[(1550, 88)]
[(1577, 175), (1104, 1167)]
[(1612, 289)]
[(1323, -156), (1047, 1151)]
[(1210, -364), (1014, 926)]
[(1268, -132), (988, 1098)]
[(1123, -409), (919, 1031)]
[(966, -709), (875, 787)]
[(1029, -382), (852, 1003)]
[(1111, 49)]
[(1029, 56), (791, 1032)]
[(926, -182), (779, 1176)]
[(847, 24)]
[(872, 223)]
[(759, -81)]
[(759, -81)]
[(558, -1693), (558, 531)]
[(558, -1693), (488, 259)]
[(521, -1094), (432, 87)]
[(480, -630)]
[(480, -630)]
[(439, -434)]
[(439, -434)]
[(414, -513)]
[(414, -365)]
[(404, -339)]
[(390, -353)]
[(365, -436)]
[(365, -375)]
[(364, -313)]
[(331, -431)]
[(327, -308)]
[(282, -333)]
[(244, -481)]
[(220, -574)]
[(214, -474)]
[(202, -521)]
[(200, -488)]
[(198, -455)]
[(190, -487)]
[(186, -508)]
[(186, -514)]
[(186, -514)]
[(187, -519)]
[(187, -519)]
[(186, -515)]
[(186, -515)]
[(176, -434)]
[(173, -460)]
[(173, -460), (245, 838)]
[(175, -488), (240, 826)]
[(178, -532), (281, 1392)]
[(174, -551), (397, 3175)]
[(180, -641), (394, 3172)]
[(172, -672)]
[(154, -744)]
[(154, -739)]
[(149, -692)]
[(110, -504), (2092, 4922)]
[(87, -610), (1989, 4588)]
[(72, -471), (2057, 4943)]
[(30, -413), (1998, 4841)]
[(6, -543), (1900, 4518)]
[(-8, -619), (1810, 4222)]
[(-25, -500), (1848, 4437)]
[(-25, -500), (1848, 4437)]
[(-51, -459), (1816, 4464)]
[(-64, -442), (1795, 4480)]
[(-69, -409), (1832, 4702)]
[(-72, -427), (1770, 4486)]
[(-72, -427), (1711, 4281)]
[(-74, -409), (1728, 4382)]
[(-74, -409), (1728, 4382)]
[(-74, -409), (1688, 4282)]
[(-74, -409), (1675, 4280)]
[(-74, -409), (1677, 4369)]
[(-74, -409), (1677, 4369)]
[(-74, -409), (1693, 4470)]
[(-71, -390), (1664, 4364)]
[(-69, -407), (1636, 4262)]
[(-69, -407), (1636, 4262)]
[(-63, -408), (1652, 4363)]
[(-58, -408), (1624, 4264)]
[(-58, -408), (1624, 4264)]
[(-58, -406), (1624, 4264)]
[(-59, -408), (1598, 4168)]
[(-56, -425), (1597, 4165)]
[(-56, -425), (1597, 4165)]
[(-56, -425), (1570, 4067)]
[(-53, -408), (1570, 4067)]
[(-53, -408), (1570, 4064)]
[(-53, -408), (1570, 4061)]
[(-53, -408), (1567, 3962)]
[(-53, -408), (1591, 4050)]
[(-53, -408), (1602, 4043)]
[(-53, -406), (1558, 3760)]
[(-53, -406), (1634, 4026)]
[(-53, -406), (1634, 4026)]
[(-53, -408), (1589, 3744)]
[(-53, -406), (1614, 3626)]
[(-53, -408), (1717, 3967)]
[(-51, -390), (1713, 3749)]
[(-51, -390), (1649, 3390)]
[(-51, -390), (1726, 3633)]
[(-51, -390), (1726, 3633)]
[(-50, -392), (1747, 3624)]
[(-50, -392), (1747, 3624)]
[(-48, -410), (1737, 3518)]
[(-48, -410), (1729, 3416)]
[(-48, -410), (1729, 3416)]
[(-48, -410), (1678, 3145)]
[(-48, -410), (1686, 3131)]
[(-48, -410), (1735, 3277)]
[(-48, -410), (1758, 3346)]
[(-48, -410), (1723, 3167)]
[(-48, -410), (1711, 3001)]
[(-48, -410), (1677, 2828)]
[(-48, -410), (1723, 2961)]
[(-48, -410), (1691, 2800)]
[(-48, -410), (1691, 2657)]
[(-48, -412), (1782, 2912)]
[(-48, -412), (1782, 2912)]
[(-48, -410), (1815, 2832)]
[(-48, -410), (1815, 2832)]
[(-48, -410), (1847, 2712)]
[(-48, -410), (1568, 1300)]
[(-48, -410), (1568, 1300)]
[(-48, -412), (1135, -708)]
[(-48, -410), (1992, 2712)]
[(-48, -410), (1992, 2712)]
[(-48, -410), (1992, 2712)]
[(-48, -410), (1979, 2587)]
[(-48, -410), (2030, 2710)]
[(-48, -410), (1983, 2527)]
[(-48, -410), (2028, 2590)]
[(-48, -410), (2016, 2471)]
[(-48, -410), (2016, 2471)]
[(-48, -410), (1956, 2247)]
[(-48, -410), (1969, 2194)]
[(-48, -410), (2041, 2358)]
[(-48, -410), (2041, 2358)]
[(-48, -410), (2065, 2309)]
[(-48, -410), (2105, 2317)]
[(-48, -410), (2105, 2317)]
[(-48, -410), (2016, 2003)]
[(-45, -393), (2172, 2343)]
[(-45, -393), (2229, 2367)]
[(-45, -393), (2238, 2234)]
[(-45, -393), (2238, 2234)]
[(-45, -393), (2238, 2234)]
[(-42, -410), (2283, 2180)]
[(-43, -408), (2305, 2119)]
[(-43, -408), (2305, 2119)]
[(-43, -408), (2302, 2044)]
[(-42, -410), (2314, 2017)]
[(-43, -408), (2265, 1872)]
[(-43, -408), (2265, 1872)]
[(-43, -408), (2327, 1993)]
[(-43, -408), (2329, 1931)]
[(-43, -408), (2329, 1931)]
[(-43, -408), (2301, 1814)]
[(-43, -408), (2372, 1883)]
[(-43, -408), (2372, 1883)]
[(-43, -408), (2291, 1655)]
[(-43, -406), (2366, 1732)]
[(-43, -406), (2561, 2024)]
[(-43, -408), (2834, 2519)]
[(-43, -408), (2834, 2519)]
[(-43, -406)]
[(-43, -406)]
[(-43, -406), (2531, 1866)]
[(-43, -406), (2585, 1916)]
[(-43, -406), (2530, 1776)]
[(-43, -406), (2613, 1920)]
[(-43, -406), (2641, 1970)]
[(-43, -406), (2603, 1874)]
[(-43, -406), (2603, 1874)]
[(-43, -406), (2537, 1731)]
[(-43, -406), (2457, 1592)]
[(-43, -406), (2357, 1419)]
[(-43, -406), (2373, 1460)]
[(-43, -406), (2388, 1499)]
[(-43, -406), (2316, 1373)]
[(-43, -406), (2316, 1373)]
[(-43, -406), (2248, 1253)]
[(-43, -406), (2196, 1176), (1257, 3439)]
[(-43, -406), (-1017, -4407), (1257, 3439)]
[(-43, -406), (-1019, -4409), (1756, 210)]
[(-43, -406), (-1022, -4412), (1752, 30)]
[(-43, -406), (1745, 54)]
[(-43, -406), (1749, 7)]
[(-43, -408), (1741, 31)]
[(-43, -408), (1741, 31)]
[(-43, -408), (1745, -22)]
[(-43, -408), (1747, -61)]
[(-45, -390), (1750, -99)]
[(-45, -390), (1750, -99)]
[(-45, -390), (1750, -99)]
[(-45, -390), (1755, -86)]
[(-45, -390), (1755, -86)]
[(-45, -390), (1762, -112)]
[(-45, -390), (1773, -178)]
[(-45, -390), (1769, -125)]
[(-45, -390), (1761, -99)]
[(-45, -389), (1760, -86)]
[(-45, -389), (1756, -14)]
[(-45, -389), (1748, 9)]
[(-48, -406), (3988, 4226), (1748, 9)]
[(-48, -406), (4010, 4283), (1733, 73)]
[(-48, -406), (3949, 4195), (1733, 73)]
[(-48, -406), (3036, 2615), (1699, 186)]
[(-48, -406), (3060, 2672), (1630, 426)]
[(-48, -406), (3111, 2794), (1629, 439)]
[(-48, -406), (2593, 1907), (976, 2584)]
[(-48, -406), (2276, 1353), (976, 2584)]
[(-48, -406), (2276, 1353), (973, 2574)]
[(-48, -406), (2065, 1009), (973, 2574)]
[(-48, -406), (1871, 665), (973, 2574)]
[(-48, -406), (1911, 783), (970, 2561)]
[(-48, -406), (1750, 553), (967, 2551)]
[(-48, -406), (1814, 751), (966, 2555)]
[(-45, -389), (1581, 322), (965, 2554)]
[(-43, -406), (1667, 609)]
[(-43, -406), (1546, 377)]
[(-43, -406), (1452, 197)]
[(-43, -406), (1456, 293)]
[(197, -2139), (1490, 417)]
[(197, -2139), (1490, 417)]
[(196, -2132), (1456, 371)]
[(196, -2129), (1439, 347)]
[(196, -2132), (1433, 323)]
[(196, -2132), (1433, 323)]
[(196, -2132), (1433, 323)]
[(200, -2139), (1422, 266)]
[(200, -2139), (1422, 266)]
[(205, -2146), (1422, 221)]
[(214, -2138), (1420, 197)]
[(214, -2142), (1414, 174)]
[(224, -2123), (1429, 202)]
[(224, -2123), (1429, 202)]
[(236, -2105), (1437, 206)]
[(236, -2105), (1437, 206)]
[(254, -2070), (1435, 203)]
[(145, -447), (1435, 203)]
[(145, -447), (1435, 203)]
[(287, -2007), (1437, 206)]
[(287, -2007), (1437, 206)]
[(1437, 206), (296, -1988)]
[(1437, 206), (296, -1988), (207, -210)]
[(1437, 206), (304, -1973), (221, -30)]
[(1437, 206), (314, -1953), (234, 12)]
[(1437, 206), (314, -1953), (248, 202)]
[(238, -347), (1380, 310)]
[(237, -348), (1380, 310)]
[(241, -304), (1381, 318)]
[(241, -304), (1380, 310)]
[(238, -248), (1380, 310), (292, 956)]
[(229, -284), (1381, 318), (276, 916)]
[(229, -284), (1380, 302), (420, 3054)]
[(210, -221), (1380, 302)]
[(203, -98), (1380, 302)]
[(166, 129), (1380, 302)]
[(166, 129), (1380, 302)]
[(138, 204), (1380, 302)]
[(101, 303), (1380, 302)]
[(81, 185), (1380, 302)]
[(58, 457), (1380, 302)]
[(1431, 183), (2, 564)]
[(1431, 183), (2, 564)]
[(1431, 183), (-63, 675)]
[(1431, 183), (-63, 675)]
[(1431, 183), (-89, 451)]
[(1431, 183), (-153, 499)]
[(1431, 183), (-208, 912)]
[(-311, 1080), (1380, 310)]
[(-311, 1080), (1380, 310)]
[(-446, 1224), (1380, 310)]
[(-565, 1906), (1380, 310), (-334, 676)]
[(-567, 1172), (1380, 310)]
[(-568, 510), (1380, 310)]
[(-657, 447), (1380, 302)]
[(-755, 825), (1380, 302)]
[(-739, 406), (1380, 302)]
[(-783, -129), (1380, 302)]
[(-860, -197), (1380, 302)]
[(-860, -197), (1380, 302)]
[(1431, 183), (-1003, 82)]
[(1431, 183), (-1003, 82)]
[(1431, 183)]
[(1431, 183)]
[(1431, 183)]
[(1431, 183)]
[(1380, 302)]
[(1380, 302)]
[(1380, 302)]
[(1380, 302)]
[(1380, 302)]
[(1380, 302)]
[(1380, 302)]
[(1380, 302)]
[(1380, 302)]
[(1380, 302)]
[(1380, 302)]
[(1380, 302)]
[(1380, 302)]
[(1380, 302)]
[(1380, 302)]
[(1380, 302)]
[(1380, 302)]
[(1380, 302)]
[(1380, 302)]
[(1380, 302)]
[(1380, 302)]
[(1380, 302)]
[(1431, 183)]
[(1431, 183)]
[(1431, 183)]
[(1431, 183)]
[(1431, 183)]
[(1431, 183)]
[(1380, 302)]
[(1380, 302)]
[(1380, 302)]
[(1380, 302)]
[(47, -4931), (1380, 302)]
[(48, -4926), (1380, 302)]
[(48, -4926), (1380, 302)]
[(48, -4926), (1380, 302)]
[(48, -4926), (1380, 302)]
[(48, -4926), (1380, 302)]
[(48, -4926), (1380, 302)]
[(41, -4957), (1380, 302)]
[(1380, 302)]
[(1380, 302)]
[(1380, 302)]
[(1431, 183)]
[(1431, 183)]
[(1431, 183)]
[(1431, 183)]
[(1431, 183)]
[(1431, 183)]
[(1431, 183)]
[(1437, 206)]
[(1437, 206)]
[(1431, 183)]
[(1431, 183)]
[(1431, 183)]
[(1437, 206)]
[(1437, 206)]
[(1443, 229)]
[(1429, 202)]
[(1435, 225)]
[(1442, 249)]
[(1440, 246)]
[(1427, 220)]
[(1433, 243)]
[(1433, 243)]
[(1434, 245)]
[(1425, 240)]
[(1432, 263)]
[(1433, 266)]
[(1433, 266)]
[(1425, 262)]
[(1432, 286)]
[(1432, 286)]
[(1432, 286)]
[(1438, 310)]
[(1424, 283)]
[(1443, 356)]
[(1443, 356)]
[(1429, 329), (-2274, 4196)]
[(1449, 403), (-2084, 3641)]
[(1462, 455), (-1978, 3519)]
[(1476, 508), (-1709, 2713)]
[(1473, 504), (-1820, 3335)]
[(1480, 531), (-1594, 2628)]
[(1484, 528), (-1528, 2656)]
[(1478, 518), (-1652, 3479)]
[(1496, 544), (-1478, 3107)]
[(1515, 547), (-1465, 3345)]
[(1486, 440), (-1328, 2835)]
[(1514, 495), (-1388, 3351)]
[(1557, 583), (-1468, 4043)]
[(1542, 528), (-1319, 3433)]
[(1528, 474), (-1192, 2912)]
[(1543, 504), (-1249, 3516)]
[(1558, 509), (-1174, 3434)]
[(1550, 482), (-1090, 3055)]
[(1504, 390), (-911, 3106)]
[(1461, 376), (-794, 3099)]
[(1418, 338), (-730, 3096)]
[(1354, 210), (-741, 3557)]
[(1354, 210), (-741, 3557)]
[(1291, 151), (-682, 3397), (1203, 1202)]
[(1218, 96), (-638, 3320), (1203, 1202)]
[(1258, 279), (-605, 3097)]
[(1258, 279), (-605, 3097)]
[(1205, 226), (-573, 3026), (1187, 1270)]
[(1172, 178), (-532, 2955)]
[(1141, 109), (-531, 3169)]
[(1141, 109), (-531, 3169)]
[(1114, 63), (-488, 3166)]
[(1102, 62), (-438, 3022)]
[(1102, 62), (-438, 3022)]
[(1110, 105), (-403, 2753)]
[(1093, 104), (-376, 2689)]
[(1064, 39), (-367, 2953)]
[(1064, 39), (-367, 2953)]
[(1022, -6), (-329, 2886)]
[(961, -146), (-315, 3242)]
[(980, -28), (-285, 2957)]
[(1015, 188), (-251, 2631)]
[(961, 261), (-197, 2573)]
[(865, 16), (-169, 3033)]
[(807, -6), (-92, 3112)]
[(740, -183), (-52, 3661), (722, 1081)]
[(740, -183), (-52, 3661), (722, 1081)]
[(757, -6), (-14, 3050), (680, 1132)]
[(688, -33), (51, 2989), (680, 1132)]
[(537, -2551), (72, 2602), (672, 1281)]
[(509, -2579), (106, 2929), (-443, 381), (633, 1328)]
[(459, -998), (-138, 965)]
[(459, -998), (19, 1175)]
[(459, -998), (19, 1175)]
[(436, -532), (321, 1685)]
[(411, -289), (355, 1755)]
[(377, -410), (322, 1325)]
[(374, -91), (315, 1235)]
[(324, 462)]
[(324, 462)]
[(321, 626)]
[(284, 567)]
[(254, 677)]
[(112, -71)]
[(112, -71), (713, 1403)]
[(94, 129), (713, 1403)]
[(47, -139), (820, 1297)]
[(-6, -246), (885, 1571)]
[(-80, 369), (760, 2196)]
[(-142, 419), (846, 2261), (984, 873)]
[(-166, 197), (961, 2742), (1045, 1269)]
[(-206, 468), (930, 2382), (1164, 1233)]
[(-231, 198), (1037, 2813), (1164, 1233), (14, 1191)]
[(-231, 198), (1037, 2813), (1271, 1262)]
[(-294, 145), (1099, 2749), (1350, 962), (-28, 1177)]
[(-382, 105), (1153, 2560), (1352, 984)]
[(-382, 105), (1153, 2560), (1443, 843)]
[(-466, 8), (1226, 2541), (1443, 957)]
[(-545, -8), (1322, 2548)]
[(-609, 237), (1231, 1936)]
[(-609, 237), (1231, 1936)]
[(-607, -27), (1425, 2539)]
[(-607, -27), (1425, 2539)]
[(-667, -109), (1450, 2309)]
[(-718, -215), (1498, 2234)]
[(-797, 25), (1407, 1749)]
[(-773, -363), (1548, 2133)]
[(-867, -104), (1456, 1666)]
[(-889, -774), (1088, -457)]
[(-889, -774), (1088, -457)]
[(-937, -342), (1167, -304)]
[(-881, -1265), (1799, 2148)]
[(1939, 2250)]
[(1939, 2250)]
[(1998, 2204)]
[(1890, 1807)]
[(2025, 2107)]
[(1917, 1723)]
[(2053, 2016)]
[(2182, 2293)]
[(2205, 2209)]
[(2097, 1858)]
[(2097, 1858)]
[(2124, 1794)]
[(2118, 1681)]
[(2063, 1511)]
[(2180, 1738)]
[(2180, 1738)]
[(2123, 1564)]
[(2194, 1701)]
[(2217, 1698)]
[(2261, 1720)]
[(2261, 1720)]
[(2310, 1736)]
[(2233, 1519)]
[(2233, 1519)]
[(2357, 1747)]
[(2390, 1718)]
[(2522, 1959)]
[(2452, 1772)]
[(2558, 1932)]
[(2593, 1966)]
[(2593, 1966)]
[(2555, 1869)]
[(2708, 2106)]
[(3098, 2788)]
[(3044, 2660)]
[]
[]
[]
[(2366, 1461)]
[(2351, 1420)]
[(2423, 1545)]
[(2345, 1347)]
[(2467, 1556)]
[(2600, 1785)]
[(2733, 1979)]
[(2673, 1835)]
[(2673, 1835)]
[]
[]
[]
[]
[]
[(1737, 89)]
[(1689, 820)]
[(1647, 937)]
[(1647, 937)]
[(1630, 635)]
[(1630, 635)]
[(1599, 584)]
[(1549, 658)]
[(1552, 545)]
[(1493, 749)]
[(1493, 632)]
[(1428, 719)]
[(1394, 844)]
[(1394, 844)]
[(1360, 747)]
[(1351, 483)]
[(1314, 307)]
[(2325, 1250), (1285, 443)]
[(2325, 1250), (1274, 235)]
[(1743, 330)]
[(1590, 114)]
[(1618, 204)]
[(1618, 204)]
[(1505, 34)]
[(1418, -120)]
[(1294, -339)]
[(1308, -287)]
[(1237, -370)]
[(1153, -523)]
[(1172, -445)]
[(1221, -243)]
[(1167, -236)]
[(1085, -398)]
[(1085, -398)]
[(1066, -367)]
[(1066, -367)]
[(1044, -352)]
[(1071, -211)]
[(1051, -176)]
[(1016, -250)]
[(975, -337), (-3202, -4946)]
[(997, -214)]
[(997, -214)]
[(975, -157), (-3123, -4934)]
[(950, -118), (-2784, -4270)]
[(969, 2), (-2610, -3973)]
[(952, -38), (-2689, -4171)]
[(952, 3), (-2542, -3881)]
[(952, 3), (-2475, -3706)]
[(952, 3), (-2475, -3706)]
[(970, 46), (-2367, -3457)]
[(1015, 152), (-2411, -3544)]
[(1015, 152), (-2318, -3305)]
[(1036, 173)]
[(1051, 195)]
[(1051, 195)]
[(1044, 150)]
[(1049, 149)]
[(1058, 168)]
[(1067, 189)]
[(1068, 188)]
[(1074, 187)]
[(1074, 187)]
[(1090, 210)]
[(1086, 187)]
[(1118, 259)]
[(1159, 312)]
[(1159, 312)]
[(1193, 294)]
[(1193, 294), (-2528, -3790)]
[(1227, 278), (-2483, -3702)]
[(1202, 162), (-2395, -3528)]
[(1236, 235), (-2409, -3538)]
[(1244, 215), (-2409, -3538)]
[(1244, 215), (-2390, -3463)]
[(1229, 147), (-2390, -3463)]
[(1242, 172), (-2329, -3305)]
[(1237, 150)]
[(1237, 150)]
[(1237, 150)]
[(1237, 150)]
[(1236, 148)]
[(1236, 149)]
[(1236, 149)]
[(1235, 148)]
[(1235, 148)]
[(1235, 148)]
[(1235, 148)]
[(1236, 149)]
[(1236, 149)]
[(1236, 148)]
[(1237, 150)]
[(1237, 150), (1793, 4675)]
[(1237, 150)]
[(1237, 150)]
[(1237, 150)]
[(1237, 150)]
[(1237, 150)]
[(1242, 172)]
[(1230, 148)]
[(1230, 148)]
[(1212, 122)]
[(1201, 99), (-2445, -4361)]
[(1200, 119)]
[(1209, 164), (-2157, -3880)]
[(1214, 187), (-2469, -4798)]
[(1203, 163)]
[(1207, 185), (-2061, -4106)]
[(1207, 185), (-1977, -4092)]
[(1201, 184), (-1977, -4092)]
[(1201, 184), (-2203, -4822)]
[(1201, 184), (-2033, -4610)]
[(1201, 184), (-2033, -4610)]
[(1201, 184), (-1620, -3590)]
[(1201, 184), (-1540, -3570)]
[(1201, 184), (256, 3188)]
[(1201, 184), (256, 3188)]
[(1201, 184), (-1131, -2287)]
[(1190, 160), (-1526, -4048)]
[(1195, 182), (-1298, -3431)]
[(1194, 182), (-1568, -4533)]
[(1177, 157), (-1293, -3754)]
[(1191, 226), (-1222, -3861)]
[(1158, 154), (-1422, -4760)]
[(1158, 154), (-1422, -4760)]
[(1128, 149), (-1332, -4833)]
[(1155, 288), (-1134, -4208)]
[(1091, 143)]
[(1059, 161)]
[(1033, 180)]
[(1033, 180)]
[(1019, 203)]
[(1019, 203)]
[(994, 162), (-855, -4587)]
[(994, 162)]
[(960, 125), (824, 1246)]
[(923, 152)]
[(923, 152), (785, 1203)]
[(-44, -2263), (871, 152)]
[(-33, -2294), (872, -1), (744, 1129), (-499, -3889)]
[(-19, -2258), (792, -202), (687, 1003)]
[(43, -2480), (694, -1230), (628, 772)]
[(-32, -2625), (626, -1360), (618, 1077)]
[(35, -2496), (556, -1494), (555, 858), (-371, -4929)]
[(-3, -1980), (548, -348), (553, 1120)]
[(11, -2039), (539, -570), (491, 918), (-208, -4584)]
[(11, -2039), (539, -570), (496, 1270)]
[(78, -1920), (484, -830), (482, 2786)]
[(142, -2250), (511, 192), (469, 2768)]
[(211, -879), (413, 1157)]
[(223, -640), (376, 1059)]
[(232, -374), (382, 1172)]
[(232, -374), (337, 1137)]
[(232, -374), (337, 1137)]
[(219, -136), (300, 1112)]
[(285, 612), (286, -4912)]
[(285, 612), (427, -4362)]
[(354, 1489), (427, -4362)]
[(100, 404)]
[(100, 404)]
[(100, 404)]
[(45, 376)]
[(1, 92), (692, -4560)]
[(-40, 48), (780, -4771)]
[(-59, 204)]
[(-86, 423), (876, -4763)]
[(-113, 201)]
[(-168, 178), (968, -4437)]
[(-205, 420), (990, -4877)]
[(-229, 156), (1041, -3948)]
[(-245, -19), (1106, -3510)]
[(-280, 176), (1140, -3951)]
[(-280, 176), (1168, -3272)]
[(-322, 172), (1204, -3684)]
[(-372, 212), (1216, -3352)]
[(-406, 382), (1254, -3779)]
[(-414, 207), (1299, -3694)]
[(-462, 173), (1307, -3360)]
[(-462, 173), (1333, -3609)]
[(-468, -34), (1342, -3130)]
[(-515, 160), (1384, -2913)]
[(-574, 154), (1384, -2913)]
[(-574, -50), (1420, -3208)]
[(-633, 167), (1470, -3133)]
[(-686, 360), (1470, -2697)]
[(-679, 116), (1529, -3122)]
[(-718, 38), (1526, -2763)]
[(-773, 220), (1583, -2828)]
[(-762, 7), (1583, -2828)]
[(-751, -219), (1616, -3041)]
[(-811, -42), (1629, -2757)]
[(-902, 226), (1621, -2372)]
[(-976, 122), (1621, -1978)]
[(-828, -1253), (1621, -1978)]
[(-1050, -50), (1620, -1630)]
[(-1050, -50), (1612, -1585)]
[(1612, -1585)]
[(1608, -1405)]
[(1604, -1276)]
[(1613, -1319)]
[(1620, -1315)]
[(1618, -1229)]
[(1626, -1270)]
[(-285, -4982), (1625, -1224)]
[(1642, -1308)]
[(-252, -4968), (1638, -1177)]
[(-223, -4951), (1664, -1301)]
[(-218, -4967), (1679, -1299)]
[(-196, -4938), (1673, -1126)]
[(-196, -4938), (1673, -1126)]
[(-196, -4938), (1666, -961)]
[(-174, -4907), (1659, -770)]
[(-157, -4869), (1645, -555)]
[(-139, -4850), (1645, -555)]
[(-136, -4859), (1645, -555)]
[(-105, -4814), (1641, -451)]
[(-86, -4768), (1626, -361)]
[(-83, -4776), (1626, -361)]
[(-75, -4769), (1611, -279)]
[(-75, -4769), (1591, -199)]
[(1591, -199)]
[(1591, -196)]
[(1591, -196)]
[(1591, -222)]
[(1605, -277)]
[(1605, -287)]
[(1648, -461)]
[(1648, -461)]
[(1717, -731)]
[(1715, -686)]
[(2010, 727), (1779, -874)]
[(2010, 727), (1836, -1097)]
[(2031, 787), (1821, -890)]
[(2013, 755), (1830, -725)]
[(2035, 816), (1830, -725)]
[(2035, 816), (1830, -725)]
[(2113, 950), (1813, -486)]
[(2215, 1160), (1798, -282)]
[(2201, 1125), (1782, -228)]
[(2201, 1125), (1776, -148)]
[(2232, 1165), (1726, 84)]
[(2220, 1131), (1726, 84)]
[(2260, 1247), (1667, 280)]
[(2260, 1247)]
[(2255, 1251)]
[(2280, 1321)]
[(2280, 1321)]
[(2187, 1165)]
[(1501, 786)]
[(2385, 1551), (1487, 831)]
[(1825, 568)]
[(1883, 742)]
[(1969, 997)]
[(1640, 396)]
[(1504, 244)]
[(1504, 244)]
[(1437, 118)]
[(1435, 202)]
[(1467, 320)]
[(1501, 446)]
[(1475, 394)]
[(1487, 450)]
[(1509, 529)]
[(1499, 508)]
[(1499, 508)]
[(1496, 513)]
[(1486, 491)]
[(1486, 491)]
[(1491, 499)]
[(1487, 502)]
[(1487, 502)]
[(1487, 502)]
[(1472, 471)]
[(1472, 471)]
[(1479, 498)]
[(1479, 498)]
[(1479, 498)]
[(1479, 498)]
[(1479, 498)]
[(1486, 524), (-2992, -4821)]
[(1486, 524), (1706, 4510)]
[(1486, 524)]
[(1486, 524)]
[(1486, 524)]
[(1486, 524)]
[(1486, 524), (-2627, -4436)]
[(1486, 524), (-2793, -4880)]
[(1486, 524), (-2325, -3899)]
[(1486, 524), (-2099, -3533)]
[(1486, 524), (-2189, -3791)]
[(1486, 524), (-1877, -3122)]
[(1486, 524), (-1981, -3432)]
[(1486, 524), (-1981, -3432)]
[(1486, 524), (-1908, -3404)]
[(1496, 546), (-1868, -3475)]
[(1482, 507), (-1740, -3187)]
[(1467, 454), (-1921, -3760)]
[(1493, 507), (1453, 2325), (-1755, -3379)]
[(1447, 1754), (-1663, -3257)]
[(1447, 1754), (-1663, -3257)]
[(1447, 1757), (-1735, -3497)]
[(1447, 1766), (-1543, -3067)]
[(1464, 3343), (-1358, -2630)]
[(1468, 384), (-1223, -2310)]
[(1455, 358), (-1223, -2310)]
[(1475, 434), (1471, 3901), (-1173, -2191)]
[(1461, 405), (1471, 3901), (-1174, -2191)]
[(1461, 405), (1454, 1830), (-1126, -2077)]
[(1463, 447), (1454, 1830), (-1126, -2077)]
[(1480, 495), (-1126, -2076)]
[(1480, 495), (-1127, -2077)]
[(1475, 464), (-1127, -2077)]
[(1460, 412), (-1127, -2077)]
[(1458, 362), (-1128, -2077)]
[(1500, 444), (-1129, -2080)]
[(1486, 393), (-1129, -2080)]
[(1486, 392), (-1133, -2086)]
[(1514, 448), (-1135, -2091)]
[(1514, 448), (-1135, -2091)]
[(1507, 423), (-1135, -2091)]
[(1521, 451), (-1112, -2035)]
[(1507, 399), (-1111, -2034)]
[(1589, 497), (-1111, -2034)]
[(1757, 818), (-1124, -2085)]
[(1695, 612), (1441, 1638), (-1123, -2082)]
[(2027, 1237), (-1153, -2193)]
[(2489, 1973), (1613, 320), (-1200, -2368)]
[(2489, 1973), (1613, 320), (-1200, -2368)]
[(1610, 400), (-1200, -2367)]
[(4255, 4856), (1607, 489), (-1226, -2429)]
[(1607, 489), (-1226, -2429)]
[(1607, 489), (-1226, -2429)]
[(-1226, -2429)]
[(-1226, -2429)]
[(-1226, -2429)]
[(-1226, -2429)]
[(-1226, -2429)]
[(3488, 3571), (-1226, -2429)]
[(3677, 4009), (-1226, -2429)]
[(2513, 1917), (-1226, -2429)]
[(2552, 2019), (-1226, -2429)]
[(2305, 1572), (-1226, -2429)]
[(2270, 1554), (-1226, -2429)]
[(2123, 1341), (-1226, -2429)]
[(2116, 1328), (-1226, -2429)]
[(2157, 1446), (-1226, -2429)]
[(2166, 1492), (-1242, -2491)]
[(2098, 1366), (-1242, -2491)]
[(2098, 1366), (-1242, -2491)]
[(2167, 1569), (-1242, -2491)]
[(2080, 1404), (-1242, -2491)]
[(2028, 1543), (-1242, -2491)]
[(2028, 1543), (-1242, -2491)]
[(1984, 1550), (-1242, -2491)]
[(1984, 1550), (-1242, -2491)]
[(1980, 1656), (-1242, -2491)]
[(1952, 1684), (-1242, -2491)]
[(1952, 1684), (-1242, -2491)]
[(2022, 1917), (-1242, -2491)]
[(1931, 1724), (-1242, -2491)]
[(1920, 1758), (-1242, -2491)]
[(1920, 1758), (-1242, -2491)]
[(1887, 1796), (-1242, -2491)]
[(1864, 1838), (-1242, -2491)]
[(1864, 1838), (-1242, -2491)]
[(1916, 2031), (-1242, -2491)]
[(1893, 2077), (-1242, -2491)]
[(1785, 1827), (-1242, -2491)]
[(1847, 2071), (-1225, -2429)]
[(1673, 1664), (-1225, -2429)]
[(1644, 1708), (-1209, -2369)]
[(1644, 1708), (-1193, -2309)]
[(1721, 2040), (-1177, -2251)]
[(1139, -359), (-1177, -2253)]
[(1079, -474), (-1177, -2253)]
[(1456, 1629), (-1211, -2376)]
[(1519, 1946), (-1249, -2511)]
[(1432, 1713), (-1249, -2511)]
[(1432, 1713), (-1304, -2709)]
[(1497, 2046), (-1350, -2915)]
[(1393, 1761), (-1350, -2915)]
[(1356, 1777), (-1408, -3129)]
[(1422, 2149), (-1401, -3114)]
[(1268, 1700), (-1393, -3171)]
[(1210, 1742)]
[(1132, 1774)]
[(1132, 1774)]
[(1132, 1774)]
[(1070, 1880)]
[(1009, 1944)]
[(1009, 1944)]
[(981, 2253)]
[(914, 2234)]
[(914, 2234), (-1540, -4372)]
[(949, 2639), (-1400, -3980)]
[(885, 2571), (-1588, -4759)]
[(779, 2119), (-1439, -4332)]
[(779, 2119), (-1424, -4560)]
[(705, 2058), (-1419, -4851)]
[(624, 2000), (-1419, -4851)]
[(624, 2000)]
[(649, 2596)]
[(553, 2587)]
[(483, 2203)]
[(429, 2251)]
[(429, 2251)]
[]
[]
[]
[]
[]
[(-233, -1737)]
[(-189, -1866), (185, 2671)]
[(-530, -3484), (149, 2372)]
[(-530, -3484), (149, 2372)]
[(-515, -3486), (132, 2793)]
[(-137, -2184), (91, 2420)]
[(102, -2774), (44, 2414)]
[(-54, -2212), (22, 2777)]
[(2, -2227), (-31, 2835)]
[(44, -2122), (-63, 2459)]
[(143, -2045)]
[(143, -2045)]
[(143, -2045)]
[(197, -2078)]
[(250, -2071)]
[(256, -2127), (-49, -4995)]
[(291, -2061)]
[(321, -2060)]
[(323, -2091)]
[(400, -1956), (-434, 2683)]
[(-488, 3087), (150, -4950)]
[(-493, 2747)]
[(-493, 2747), (227, -4821)]
[(-542, 2746), (291, -4699)]
[(-613, 2880), (291, -4699)]
[(-613, 2880)]
[(-675, 2951)]
[(-735, 3316), (424, -4577)]
[(-728, 3021), (468, -4907)]
[(-781, 3025), (517, -4468)]
[(-781, 3025), (563, -4681)]
[(-774, 2821), (607, -4261)]
[(-805, 2822), (675, -4257)]
[(-844, 3028), (684, -4784)]
[(-844, 3028), (749, -4058)]
[(-889, 3101), (762, -4561)]
[(-904, 2962), (762, -4561)]
[(-904, 2962), (840, -4451)]
[(-888, 2635), (891, -3769)]
[(-865, 2171), (954, -3950)]
[(-865, 2171), (997, -4767)]
[(-865, 2171), (1026, -4238)]
[(-956, 2170), (1103, -4548)]
[(-924, 1675), (1103, -4548)]
[(-899, 1293)]
[(-899, 1293), (1210, -4891)]
[(-880, 994), (1238, -3957)]
[(-880, 994), (1264, -4245)]
[(-880, 994), (1285, -3434)]
[(-874, 907), (1322, -3125)]
[(-858, 664), (1357, -3438)]
[(-858, 664), (1357, -3438)]
[(-849, 515), (1389, -3282)]
[(-849, 515), (1394, -2912)]
[(-849, 515), (1421, -3132)]
[(-839, 373), (1423, -2845)]
[(-825, 158), (1452, -2712)]
[(-813, -37), (1490, -2991)]
[(-813, -37), (1490, -2991)]
[(-813, -37), (1518, -2910)]
[(-813, -37), (1516, -2574)]
[(-813, -37), (1562, -2573)]
[(-813, -37), (1614, -2911)]
[(1608, -2577)]
[(1674, -2986)]
[(1722, -1589)]
[(1714, -1408)]
[(1699, -1239)]
[(1699, -1239)]
[(1690, -1198)]
[(1687, -1116)]
[(1678, -1077)]
[(1659, -924)]
[(1659, -923)]
[(1650, -886)]
[(1649, -844)]
[(-185, -4668), (1633, -775)]
[(-174, -4648), (1540, -306)]
[(-174, -4648), (1539, -275)]
[(-174, -4648), (1502, -116)]
[(-174, -4648), (1452, 100)]
[(-174, -4648), (1452, 76)]
[(-174, -4648), (1386, 293)]
[(-165, -4631), (1386, 293)]
[(-165, -4631), (1341, 488)]
[(-165, -4631), (1338, 409)]
[(18, -4167), (1298, 402)]
[(18, -4167), (1275, 514)]
[(18, -4167), (1263, 317)]
[(-198, -4691), (1237, 449)]
[(1290, -495)]
[(1326, -368)]
[(1157, -661), (1159, 346)]
[(1178, -576)]
[(1127, -625), (1116, 421)]
[(1127, -625)]
[(1127, -625)]
[(1070, -688), (1065, 361)]
[(1093, -591), (1022, 417)]
[(1093, -591), (1003, 562)]
[(1023, -627), (983, 416)]
[(1063, -431)]
[(1063, -431)]
[(1014, -403)]
[(1014, -403)]
[(980, -316)]
[(980, -316)]
[(937, -299)]
[(963, -135)]
[(884, -318)]
[(910, -136)]
[(840, -301)]
[(840, -301)]
[(787, -268)]
[(722, -306)]
[(722, -306)]
[(667, -290)]
[(681, -124)]
[(624, -167)]
[(624, -167)]
[(515, 601)]
[(483, 596)]
[(483, 596)]
[(439, 524)]
[(439, -512)]
[(441, -215)]
[(386, -406)]
[(384, -154)]
[(339, -318)]
[(311, -419)]
[(307, -280)]
[(285, -231)]
[(282, -149)]
[(282, -149)]
[(261, -166)]
[(240, -181)]
[(218, -273)]
[(218, -273)]
[(184, -305)]
[(161, -409)]
[(155, -338)]
[(148, -245)]
[(133, -317)]
[(116, -297)]
[(115, -279)]
[(98, -150)]
[(107, -124)]
[(111, -82)]
[(127, -33)]
[(158, 119)]
[(171, 262)]
[(171, 262)]
[(225, 685)]
[(225, 686)]
[(315, 1711)]
[(315, 1712)]
[(197, 478)]
[(220, 721)]
[(220, 721)]
[(218, 878)]
[(189, 804)]
[(168, 882)]
[(110, 825)]
[(110, 825)]
[(121, 914)]
[(30, 702)]
[(40, 766)]
[(-68, -122)]
[(-146, -83)]
[(-146, -83)]
[(-193, 219)]
[(-215, -1)]
[(-258, 19)]
[(-258, 19)]
[(-283, 60)]
[(-299, 80)]
[(-299, 80)]
[(-303, 102)]
[(-307, 124)]
[(-307, 123)]
[(-310, 78)]
[(-314, 99)]
[(-327, 166)]
[(-333, 75)]
[(-359, 26)]
[(-386, 157)]
[(-393, 21)]
[(-398, -89)]
[(-416, -7)]
[(-436, 78)]
[(-438, 9)]
[(-450, 6)]
[(-455, 27)]
[(-455, 5)]
[(-466, 25)]
[(-466, 25)]
[(-466, 25)]
[(-466, 25)]
[(-467, 2)]
[(-467, 2)]
[(-467, 2)]
[(-467, 2)]
[(-466, 25)]
[(-461, 4)]
[(-461, 4)]
[(-460, 26)]
[(-460, 49)]
[(-460, 49)]
[(-453, 73)]
[(-446, 126)]
[(-446, 126)]
[(-436, 81)]
[(-432, 175)]
[(-413, 202)]
[(-413, 202)]
[(-387, 255)]
[(-360, 308)]
[(-337, 190)]
[(-337, 190)]
[(-328, 337)]
[(-289, 292)]
[(-264, 153)]
[(-255, 272)]
[(-234, 300)]
[(-219, 205)]
[(-212, 277)]
[(-194, 161)]
[(-185, 255)]
[(-174, 185)]
[(-151, 231)]
[(-140, 326)]
[(-116, 326)]
[(-116, 326)]
[(-101, 346)]
[(-101, 346), (-200, -655)]
[(-88, 248)]
[(-73, 369)]
[(-45, 344)]
[(-20, 344)]
[(-20, 344), (-104, -792)]
[(5, 528), (-11, -507)]
[(23, 345), (-59, -901)]
[(71, 368)]
[(71, 368), (3, -948)]
[(131, 316), (-46, -1407)]
[(179, 223), (53, -1052)]
[(179, 223), (93, -1221)]
[(223, 173), (93, -1221)]
[(223, 173), (120, -1522)]
[(270, 165), (201, -1188)]
[(270, 165), (259, -1295)]
[(318, 149), (236, -1750)]
[(376, 53), (341, -1259)]
[(378, -178), (324, -1701)]
[(378, -178), (324, -1701)]
[(435, -211), (437, -1516)]
[(512, 53), (520, -1556)]
[(512, 53), (520, -1556)]
[(579, -21), (602, -1601)]
[(613, -318)]
[(679, -131), (723, -1336)]
[(623, -898)]
[(679, -83), (739, -1783)]
[(753, 128), (808, -1732)]
[(733, -82), (864, -1247)]
[(827, 173), (880, -1499)]
[(888, 107), (928, -1054)]
[(888, 107), (980, -1017)]
[(949, -20), (1004, -1290)]
[(908, -285), (1004, -1290)]
[(1007, -61), (1059, -1328)]
[(966, -303)]
[(1024, -178), (1134, -1527)]
[(1041, -284), (1193, -1711)]
[(1122, -114), (1207, -1437)]
[(1092, -264), (1253, -1809)]
[(1064, -400), (1267, -1437)]
[(1104, -426), (1338, -1979)]
[(1206, -229), (1349, -1495)]
[(1166, -401), (1426, -1459)]
[(1298, -155), (1513, -1992)]
[(1454, 136), (1511, -1599)]
[(1407, -34), (1628, -2276)]
[(1379, -132), (1617, -1790)]
[(1529, 138), (1718, -2332)]
[(1706, 424), (1777, -2268)]
[(2046, 992), (1777, -2268)]
[(2046, 992), (1824, -2026)]
[(1784, -1321)]
[(1846, -1587)]
[(2190, 1158), (1846, -1587)]
[(2190, 1158), (1864, -1281)]
[(2514, 1705), (1899, -1165)]
[(2751, 2114), (1899, -1165)]
[(2751, 2114), (1930, -1018)]
[(2777, 2172), (1904, -725)]
[(1939, -749)]
[(1981, -890)]
[(1956, -648)]
[(2008, -817)]
[(1979, -552)]
[(2020, -682)]
[(2050, -655)]
[(2937, 2479), (1989, -158)]
[(2937, 2479), (2056, -352)]
[(2853, 2291), (1997, 103)]
[(2761, 2131), (2060, -66)]
[(2651, 1928), (2065, -103)]
[(2597, 1835), (2146, -323)]
[(2594, 1831)]
[(2445, 1476)]
[(2398, 1397)]
[(2429, 1477)]
[(2413, 1477)]
[(2364, 1394)]
[(2317, 1312)]
[(2347, 1389)]
[(2376, 1505)]
[(2376, 1505), (-3132, -4836)]
[(2376, 1505), (-3132, -4836)]
[(2357, 1498)]
[(-1251, -4823)]
[(-1245, -4816)]
[]
[]
[(3215, 3088)]
[(3215, 3088)]
[(3278, 3238)]
[(2575, 1984)]
[(2211, 1388)]
[(2260, 1523)]
[(2097, 1228), (-2204, -4256)]
[(2097, 1228)]
[(2056, 1181), (-2226, -4764)]
[(2108, 1332), (-1838, -3840)]
[(2032, 1193), (-2145, -4858)]
[(2016, 1204), (-2145, -4858)]
[(2093, 1434), (-2054, -4904)]
[(2064, 1379), (-241, 1411)]
[(2068, 1431), (-194, 1484)]
[(2068, 1431), (-1009, -1702)]
[(2068, 1431), (-1009, -1702)]
[(2045, 1416), (-1227, -2833)]
[(2049, 1482), (-1227, -2833)]
[(2089, 1607), (-1020, -2704)]
[(2040, 1510), (-1257, -3737)]
[(2035, 1577), (-1086, -3246)]
[(2035, 1577), (-1334, -4362)]
[(2105, 1797), (-1334, -4362)]
[(2056, 1698), (-1355, -4776)]
[(2028, 1720), (-1156, -4156)]
[(1871, 1396), (-1081, -4160)]
[(1956, 1688), (-1218, -4859)]
[(1839, 1596), (-971, -4041)]
[(1839, 1596), (-837, -3826)]
[(1912, 1863), (-837, -3826)]
[(1851, 1820), (-925, -4327)]
[(1683, 1441), (-882, -4471)]
[(1612, 1281), (-723, -3896)]
[(1667, 1513), (-835, -4603)]
[(1626, 1509), (-702, -4102)]
[(1626, 1509), (-653, -4214)]
[(1576, 1462), (-744, -4848)]
[(1519, 1417), (-744, -4848)]
[(1519, 1417), (-701, -4964)]
[(-93, -2136), (-701, -4964)]
[(-56, -2165), (-598, -4734)]
[(-56, -2165), (-431, -4025)]
[(-56, -2165), (-306, -3669)]
[(-121, -3026), (-354, -4115)]
[(99, -2710)]
[(-59, -2192)]
[(-2, -2125)]
[(47, -2059)]
[(47, -2059)]
[(52, -2079)]
[(91, -2024)]
[(125, -1939)]
[(125, -1939)]
[(177, -1930), (1164, 1883)]
[(243, -2074), (1103, 1934), (77, -3872)]
[(243, -2074), (1103, 1934), (56, -4244)]
[(251, -2143), (1144, 2266), (151, -3689)]
[(300, -2112), (1070, 2170), (203, -3680)]
[(347, -2029), (999, 1916), (203, -3680)]
[(348, -2050), (1026, 2171), (180, -4223)]
[(435, -1895), (871, 2612), (226, -4510)]
[(435, -1895), (843, 2543), (285, -4105)]
[(557, 357), (825, 2628)]
[(557, 383), (792, 2555), (330, -4588)]
[(668, 776), (748, 2548), (399, -4685)]
[(830, 1410), (748, 2548), (399, -4685)]
[(1074, 2324)]
[(1068, 2269)]
[(1068, 2269)]
[(655, 2034)]
[(586, 2075)]
[(586, 2075)]
[(535, 2167)]
[(492, 2266)]
[(496, 2547)]
[(437, 2204), (877, -3685)]
[(439, 2657), (929, -3685)]
[(374, 2246), (929, -3685)]
[(374, 2246), (967, -3597)]
[(294, 2129), (976, -3770)]
[(198, 2064), (976, -3770)]
[(198, 2064), (1013, -3348)]
[(190, 2388), (1041, -2899)]
[(118, 2322), (1041, -2899)]
[(81, 2001), (1058, -2630)]
[(52, 1759), (1058, -2630)]
[(26, 2148), (1053, -2567)]
[(-27, 2141), (1061, -2441)]
[(-56, 1837), (1064, -2264)]
[(-84, 2185), (1063, -2151)]
[(-113, 2521), (1063, -2151)]
[(-138, 2178), (1058, -2096)]
[(-187, 2120), (1058, -2095)]
[(-187, 2120), (1051, -2208)]
[(-231, 2116), (1051, -2208)]
[(-231, 2116), (1047, -2267)]
[(-277, 2276), (1051, -2325)]
[(-318, 2386), (1051, -2325)]
[(-318, 2386), (1062, -2567)]
[(-343, 2442), (1062, -2566)]
[(-374, 2381), (1089, -2900)]
[(-374, 2381), (1089, -2900)]
[(-374, 2381), (1118, -3267)]
[(-411, 2379), (1165, -3596)]
[(-432, 2320), (-440, 2318), (1165, -3596)]
[(-432, 2320), (-440, 2318), (1202, -4049)]
[(-476, 2373), (1217, -3600)]
[(-506, 2441), (1262, -3518)]
[(-524, 2560), (1287, -3776)]
[(-524, 2560), (1299, -3276)]
[(-525, 2439), (1307, -3357)]
[(-543, 2494), (1307, -3357)]
[(-543, 2494), (1327, -2908)]
[(-571, 2551), (1342, -2639)]
[(-580, 2612), (1342, -2639)]
[(-599, 2608), (1355, -2450)]
[(-599, 2608), (1358, -2271)]
[(-618, 2605), (1367, -2273)]
[(-616, 2364), (1367, -2273)]
[(-616, 2364), (1368, -2215)]
[(-653, 2308), (1375, -2273)]
[(-720, 2365), (1377, -2159)]
[(-720, 2365), (1385, -2217)]
[(-788, 2730), (1387, -2105)]
[(-826, 2666), (1388, -1997)]
[(-819, 2482), (1396, -2051)]
[(-860, 2541), (1397, -1944)]
[(-860, 2541), (1421, -2106)]
[(-882, 2602), (1421, -2106)]
[(-882, 2602), (1445, -2152)]
[(-895, 2665), (1479, -2324)]
[(-895, 2665), (1479, -2207)]
[(-895, 2666), (1523, -2323)]
[(-895, 2666), (1523, -2323)]
[(-882, 2604), (1572, -2637)]
[(-888, 2731), (1569, -2447)]
[(-888, 2731), (1604, -2385)]
[(-875, 2665), (1624, -2509)]
[(-865, 2665), (1616, -2151)]
[(-865, 2665), (1617, -1832)]
[(-868, 2729), (1617, -1832)]
[(-855, 2667), (1627, -1884)]
[(-855, 2667), (1629, -1635)]
[(-855, 2667), (1624, -1452)]
[(-855, 2666), (1624, -1453)]
[(-855, 2665), (1621, -1322)]
[(-855, 2665), (1636, -1321)]
[(-855, 2665), (1636, -1321)]
[(-855, 2665), (1644, -1364)]
[(-855, 2665), (1648, -1232)]
[(-855, 2665), (1644, -1106)]
[(-855, 2665), (1661, -1185)]
[(-855, 2665), (1656, -1062)]
[(-855, 2665), (1677, -1046)]
[(-855, 2665), (1712, -1203)]
[(-855, 2665), (1712, -1203)]
[(-855, 2665), (1752, -1276)]
[(-855, 2665), (1746, -1144)]
[(-855, 2665), (1814, -1436)]
[(-855, 2665), (1802, -1249)]
[(-855, 2665), (1844, -1207)]
[(-855, 2665), (1875, -1330)]
[(-855, 2665), (1875, -1330)]
[(-855, 2665), (1867, -1028)]
[(-855, 2665), (1841, -698)]
[(-855, 2665), (1860, -766)]
[(-855, 2665), (1873, -680)]
[(-855, 2665), (1861, -531)]
[(-855, 2665), (1889, -564)]
[(-855, 2665), (1889, -564)]
[(-855, 2665), (1918, -661)]
[(-855, 2665), (1952, -666)]
[(-855, 2665), (1925, -402)]
[(-855, 2665), (1944, -464)]
[(-855, 2665), (1901, -46)]
[(-855, 2665), (1847, 615)]
[(-855, 2665), (1847, 615)]
[(-855, 2665), (1875, 541)]
[(-855, 2665), (1522, 3699)]
[(-855, 2665), (2420, 1412), (2160, -1498)]
[(-858, 2729), (2325, 1252), (2276, -1892)]
[(-838, 2728), (2301, 1252), (2262, -1790)]
[(-813, 2601), (2331, 1328), (2375, -2114)]
[(-818, 2730), (2286, 1252), (2504, -2544)]
[(-794, 2603), (2315, 1328), (2504, -2544)]
[(-782, 2542), (2315, 1329), (2573, -2679)]
[(-784, 2602), (2293, 1290)]
[(-786, 2665), (2293, 1291)]
[(-764, 2602), (2339, 1407)]
[(-753, 2541), (2338, 1407)]
[(-755, 2602), (2315, 1366)]
[(-746, 2664), (2330, 1405)]
[(-738, 2727), (2298, 1364)]
[(-738, 2727), (2298, 1364)]
[(-738, 2727), (2298, 1364)]
[(-709, 2790), (2275, 1324)]
[(195, -2309), (-659, 2787), (2258, 1322)]
[(195, -2309), (-659, 2787), (2258, 1322)]
[(-619, 2852)]
[(-578, 2596)]
[(-578, 2596)]
[(193, -2292), (-578, 2722), (3439, 3488)]
[(193, -2278), (-559, 2661), (2616, 2087)]
[(-559, 2664), (2259, 1448)]
[(-550, 2602), (2321, 1616)]
[(-560, 2669), (2231, 1497)]
[(-560, 2670), (2261, 1581)]
[(-561, 2611), (2157, 1390)]
[(-561, 2611), (2185, 1469)]
[(-571, 2615), (2154, 1455)]
[(-571, 2680), (2117, 1386)]
[(2083, 1322), (-571, 2682)]
[(2109, 1400), (-553, 2558)]
[(2109, 1400), (-553, 2558)]
[(2125, 1461), (-543, 2621)]
[(2153, 1543), (-524, 2499)]
[(2171, 1669), (-505, 2499)]
[(-519, 2839), (2139, 1606), (-504, 2622)]
[(-479, 2769), (2109, 1578), (-475, 2622)]
[(-479, 2769), (2109, 1578), (-475, 2622)]
[(-479, 2769), (2109, 1578), (-475, 2622)]
[(-470, 2705), (2099, 1635), (-437, 2562)]
[(-415, 2255), (2074, 1649), (206, -2093)]
[(2161, 1923), (203, -2071)]
[(2028, 1652), (207, -2063)]
[(-360, 2499)]
[(-360, 2499)]
[(-353, 2441)]
[(-351, 2501)]
[(-341, 2502)]
[(-334, 2445)]
[(-334, 2445)]
[(-342, 2503)]
[(-351, 2502)]
[(-353, 2443)]
[(-353, 2443)]
[(-372, 2442)]
[(-389, 2501)]
[(-389, 2501)]
[(-405, 2623)]
[(-423, 2687)]
[(-423, 2687)]
[(-425, 2624)]
[(-433, 2687)]
[(-435, 2625)]
[(1725, 1944), (167, -1854)]
[(-480, 2954)]
[(-501, 2953)]
[(-501, 2953)]
[(-501, 2953)]
[(-502, 2818)]
[(-532, 2819)]
[(-573, 2819)]
[(-604, 3024)]
[(-604, 3024)]
[(-666, 3025)]
[(-739, 3478)]
[(-815, 3403)]
[(-798, 2896)]
[(-860, 2900)]
[(-860, 2900)]
[(-860, 2900)]
[(-902, 2902)]
[(-957, 2973)]
[(-957, 2973)]
[(-995, 2908)]
[(-1042, 2842)]
[(-1042, 2842)]
[(-1138, 3271)]
[(1244, 2537), (-28, -1795)]
[(1177, 2309), (-42, -1844)]
[(1114, 2095), (-60, -1905)]
[(1134, 2260), (-64, -1890)]
[(1134, 2260), (-64, -1890)]
[(1108, 2266), (-81, -1920)]
[(1129, 2442), (-85, -1905)]
[(-1540, 2943), (967, 2522)]
[(-1481, 2539), (941, 2508)]
[(-1548, 2591), (958, 2562)]
[(-1548, 2591), (946, 2604)]
[(-1548, 2591), (946, 2604)]
[(966, 2412), (-1611, 2549)]
[(920, 2408), (-1728, 2703)]
[(-1944, 3344), (830, 2462)]
[(873, 2289), (-1866, 2943)]
[(-1981, 3196), (771, 2419)]
[(-2121, 3598), (737, 2429)]
[(-2121, 3598), (737, 2429)]
[(731, 2477)]
[(702, 2458)]
[(676, 2404)]
[(673, 2435)]
[(642, 2005)]
[(658, 2373)]
[(658, 2373)]
[(602, 2365)]
[(561, 2159)]
[(521, 1955)]
[(527, 2208)]
[(499, 2204)]
[(454, 2199)]
[(454, 2199)]
[(457, 2474)]
[(409, 2191)]
[(384, 2033)]
[(383, 2293)]
[(364, 2290)]
[(364, 2345)]
[(347, 2234)]
[(347, 2234)]
[(338, 2233)]
[(329, 2177)]
[(338, 2233)]
[(336, 2342)]
[(337, 2287)]
[(354, 2400)]
[(382, 2463)]
[(383, 2188)]
[(419, 2412)]
[(466, 2419)]
[(466, 2419)]
[(466, 2419)]
[(502, 2368)]
[(537, 2262)]
[(572, 2214)]
[(572, 2214)]
[(597, 2163)]
[(592, 2011)]
[(592, 2011)]
[(613, 2116)]
[(620, 2104)]
[(642, 2210)]
[(638, 2106)]
[(647, 2107)]
[(647, 2107)]
[(676, 2162)]
[(666, 1961)]
[(726, 2235)]
[(803, 2586)]
[(788, 2355)]
[(863, 2482)]
[(863, 2482)]
[(940, 2613)]
[(920, 2378)]
[(979, 2615)]
[(1033, 2677)]
[(1033, 2677)]
[(996, 2065)]
[(996, 2065)]
[(976, 1865)]
[(1023, 1909)]
[(1095, 2159)]
[(1070, 1947)]
[(1125, 1979)]
[(1195, 2050)]
[(1390, 2682)]
[(1390, 2682)]
[(1401, 2510)]
[(1401, 2510)]
[(1404, 2358)]
[(1372, 2166)]
[(1425, 2326)]
[(1461, 2375)]
[(1426, 2175)]
[(1426, 2175)]
[(1481, 2336)]
[(1543, 2428)]
[(1590, 2432)]
[(1590, 2432)]
[(1640, 2496)]
[(1673, 2435)]
[(1638, 2264)]
[(1638, 2264)]
[(1680, 2378)]
[(1709, 2387)]
[(1709, 2387)]
[(1729, 2348)]
[]
[]
[]
[]
[(1801, 2153)]
[]
[(1740, 1761)]
[(1696, 1584)]
[(1850, 1939)]
[(1830, 1850)]
[(1831, 1851)]
[]
[]
[]
[]
[]
[]
[]
[]
[]
[]
[]
[]
[(1674, 1761)]
[(1674, 1761)]
[(1674, 1761)]
[(1675, 1763), (-3010, -4513)]
[(1675, 1763), (-3197, -4963)]
[(1675, 1763), (-2850, -4293)]
[(1675, 1763), (-2789, -4281)]
[(1675, 1763), (-2756, -4373)]
[(1675, 1763), (-2756, -4373)]
[(1675, 1763)]
[(1675, 1763)]
[(1675, 1763)]
[(1686, 1809)]
[(1678, 1809)]
[(1639, 1716)]
[(1621, 1671)]
[(1652, 1807), (-2390, -4196)]
[(873, -1699), (-2010, -3385)]
[(873, -1699), (-1933, -3330)]
[(1092, -674), (-2134, -3927)]
[(1664, 1938), (-1930, -3477)]
[(1732, 2286), (-1892, -3552)]
[(1690, 2178), (-1892, -3552)]
[(1690, 2178), (-2127, -4287)]
[(1650, 2074), (-1890, -3737)]
[(1675, 2314), (-2164, -4617)]
[(1717, 2514), (-2162, -4870)]
[(1705, 2638), (-1797, -3975)]
[(1705, 2638)]
[(1665, 2629)]
[(1595, 2565), (-1495, -3214)]
[(1595, 2565), (-1286, -2702)]
[(1666, 2931)]
[(1580, 2678)]
[(1519, 2499)]
[(1571, 2779)]
[(1578, 2985)]
[(1557, 2920)]
[(1598, 3151)]
[(1628, 3324)]
[(1637, 3440)]
[(1637, 3440)]
[(1668, 3626)]
[(1704, 3824)]
[(1707, 3836)]
[(-326, -1440), (1683, 3757)]
[(-186, -1862)]
[(-129, -2031)]
[(-175, -2204)]
[(1, -2155)]
[(-1, -2152)]
[(76, -1947)]
[(76, -1947)]
[(209, -2043), (1733, 4264)]
[(209, -2043), (1733, 4264)]
[(324, -2002), (1706, 4168)]
[]
[]
[]
[]
[]
[]
[(1678, 4293)]
[(1642, 4292)]
[(1690, 4600)]
[(1690, 4600)]
[(1657, 4712)]
[(1606, 4715)]
[(1606, 4715), (1247, -4460)]
[(1499, 4304), (1334, -4156)]
[(1488, 4404), (1334, -4156)]
[(1464, 4308), (1425, -4059)]
[(1477, 4407), (1505, -4786)]
[(1490, 4510), (1505, -4786)]
[(1465, 4412), (1562, -4459)]
[(1465, 4411), (1554, -3604)]
[(1452, 4309), (1602, -3966)]
[(1478, 4410), (1588, -3057)]
[(1465, 4310), (1621, -2775)]
[(1465, 4310), (1663, -2589)]
[(1452, 4211), (1663, -2589)]
[(1476, 4305), (1734, -3002)]
[(1450, 4203), (1717, -2530)]
[(1450, 4203), (1783, -2594)]
[(1450, 4203), (1783, -2594)]
[(1439, 4208), (1857, -2590)]
[(1439, 4208), (1984, -3225)]
[(1415, 4212), (1984, -3225)]
[(1415, 4212), (2058, -3136)]
[(1391, 4211), (1995, -2360)]
[(1368, 4212), (2052, -2198)]
[(1380, 4309), (2058, -1740)]
[(1356, 4211), (2058, -1740)]
[(1356, 4211), (2170, -2166)]
[(1356, 4211), (2092, -1464)]
[(1356, 4211), (2202, -1850)]
[(1343, 4210), (2270, -1863)]
[(1343, 4210), (2210, -1413)]
[(1343, 4210), (2253, -1279)]
[(1343, 4210), (2253, -1279)]
[(1355, 4306), (2351, -1468)]
[(1355, 4306), (2554, -2082)]
[(1355, 4306), (2554, -2082)]
[(1355, 4306)]
[(1355, 4306)]
[(1355, 4306)]
[(1356, 4310)]
[(1356, 4310)]
[(1356, 4310)]
[(1344, 4214)]
[(1344, 4214)]
[(2689, 1852), (1367, 4308)]
[(2689, 1852), (1367, 4308)]
[(2613, 1749), (1367, 4308)]
[(2504, 1607), (1379, 4304)]
[(2504, 1607), (1379, 4304)]
[(2575, 1783), (1367, 4208)]
[(2514, 1737), (1391, 4305)]
[(1368, 4212)]
[(1368, 4212)]
[(2748, 2237), (1368, 4212)]
[(2359, 1637), (1380, 4308)]
[(2359, 1637), (1380, 4308)]
[(2222, 1460), (1356, 4211)]
[(2329, 1761), (1356, 4211)]
[(2195, 1512), (1356, 4211)]
[(2141, 1541), (1356, 4211)]
[(2141, 1541), (1356, 4211)]
[(1986, 1246), (1356, 4211)]
[(2088, 1562), (1356, 4211)]
[(2076, 1663), (1356, 4211)]
[(2195, 2036), (1367, 4308)]
[(2064, 1766), (1367, 4308)]
[(1905, 1441), (1367, 4308)]
[(1901, 1757), (1367, 4308)]
[(1901, 1757), (1367, 4308)]
[(1901, 1757), (1367, 4308)]
[(1367, 4307)]
[(1367, 4307)]
[(1367, 4307)]
[(1367, 4307)]
[(1367, 4307)]
[(1367, 4307)]
[(1367, 4307)]
[(1344, 4209)]
[(1344, 4209)]
[(1344, 4209)]
[]
[]
[]
[(1500, 3817)]
[(1478, 3820)]
