[]
[]
[]
[]
[]
[]
[]
[]
[]
[]
[]
[]
[]
[]
[]
[]
[]
[]
[]
[]
[]
[]
[]
[]
[]
[]
[]
[(2107, 4988)]
[(2107, 4988)]
[]
[]
[(1960, 4902)]
[]
[]
[(1758, 4855)]
[(1758, 4855)]
[(1696, 4874)]
[]
[(1630, 4770)]
[(1577, 4761)]
[(1511, 4649)]
[(1511, 4649)]
[(1473, 4649)]
[(1473, 4649)]
[(1473, 4649)]
[(1419, 4525)]
[(1369, 4419)]
[(1321, 4220)]
[(1332, 4316)]
[(1320, 4314)]
[(1320, 4314)]
[(1135, 2801)]
[(1118, 2736)]
[(1118, 2735)]
[(1102, 2672)]
[(1116, 2799)]
[(1123, 2864)]
[(1528, 4419)]
[(1540, 4513)]
[(1514, 4410)]
[(1514, 4410)]
[(1514, 4410)]
[(1513, 4405)]
[(1513, 4405)]
[(1513, 4405)]
[(1499, 4304)]
[(1511, 4304)]
[(1511, 4304)]
[(1498, 4205)]
[(1471, 4015)]
[(1520, 4198)]
[(1573, 4395)]
[(1544, 4197)]
[(1555, 4106)]
[(1555, 4106)]
[(1564, 4013)]
[(1550, 3921)]
[(1576, 4011)]
[(1572, 3911)]
[(1596, 3997)]
[(1596, 3997)]
[(1581, 3901)]
[]
[(1294, 4306)]
[(1294, 4306)]
[(1294, 4306)]
[(1294, 4306)]
[(1294, 4306)]
[(1294, 4306)]
[(1295, 4310)]
[(1295, 4310)]
[(1295, 4310)]
[(1295, 4310)]
[(1295, 4310)]
[(1295, 4310)]
[(1295, 4310)]
[(1295, 4310)]
[(1295, 4310)]
[(1295, 4310)]
[(1295, 4310)]
[(1295, 4310)]
[(1295, 4310)]
[(1295, 4310)]
[(1923, 1481), (1295, 4310)]
[(2060, 1763), (1295, 4310)]
[(2217, 2084), (1295, 4310)]
[(2082, 1659), (1295, 4310)]
[(2156, 1645), (1283, 4312)]
[(2156, 1645), (1283, 4312)]
[(2230, 1619), (1283, 4308)]
[(2230, 1619), (1283, 4308)]
[(2265, 1567), (1283, 4308)]
[(2404, 1763), (1109, 2736)]
[(2404, 1763), (1109, 2736)]
[(2404, 1763), (1109, 2736)]
[(2499, 1904), (1110, 2739)]
[(2525, 1905), (1102, 2674)]
[(2489, 1809), (1102, 2674)]
[(2789, 2341), (1102, 2674)]
[(3298, 3190), (1102, 2673)]
[(3298, 3190), (1102, 2673)]
[(3298, 3190), (1102, 2673)]
[(1102, 2673)]
[(2359, 1464), (1102, 2673)]
[(2375, 1464), (1102, 2673)]
[(2375, 1464), (1102, 2673)]
[(2400, 1467), (1103, 2675)]
[(2392, 1427), (1102, 2673)]
[(2392, 1427), (1102, 2673), (1628, 442)]
[(2392, 1427), (1102, 2673), (1537, 748)]
[(2344, 1344), (1119, 2736), (1537, 748)]
[(2222, 1148), (1120, 2739)]
[(2222, 1148), (1120, 2739)]
[(2123, 1000), (1120, 2739)]
[(1120, 2739), (1366, 1148)]
[(1120, 2739), (1358, 913)]
[(1120, 2738), (1288, 888)]
[(2082, 1011), (1591, 4514)]
[(2082, 1011), (1591, 4514)]
[(1745, 464), (1591, 4514)]
[(1565, 196), (1591, 4514)]
[(1053, -722), (1107, 1095)]
[(1079, 875)]
[(1044, 1077)]
[(977, 1059)]
[(977, 1059)]
[(1041, -214), (903, 1094)]
[(959, -390), (861, 874)]
[(794, 888)]
[(794, 888)]
[(1611, 4475), (778, 1082)]
[(1412, 3734), (717, 1027)]
[(1038, 967)]
[(1112, 1498)]
[(964, 1045)]
[(861, 958)]
[(861, 958)]
[(763, 643)]
[(791, 977)]
[(458, -36)]
[(460, 98)]
[(393, -150)]
[(320, -249)]
[(316, -107)]
[(260, -329)]
[(223, -393)]
[(223, -393)]
[(199, -491)]
[(197, -459)]
[(186, -506)]
[(175, -551)]
[(173, -535)]
[(167, -580)]
[(168, -581)]
[(160, -610)]
[(160, -610)]
[(158, -639)]
[(155, -654)]
[(155, -654)]
[(155, -656)]
[(159, -645)]
[(158, -651)]
[(158, -653)]
[(157, -658)]
[(156, -662), (196, 504)]
[(157, -664), (197, 508)]
[(157, -666), (253, 1179)]
[(156, -670), (362, 2535)]
[(153, -703), (362, 2535)]
[(153, -703)]
[(149, -720)]
[(135, -776)]
[(116, -817)]
[(112, -776)]
[(112, -776)]
[(83, -840)]
[(5, -387)]
[(5, -387)]
[(-21, -380)]
[(-27, -413)]
[(-27, -413)]
[(-32, -375)]
[(-38, -373)]
[(-37, -371)]
[(-37, -371)]
[(-40, -353)]
[(-40, -355)]
[(-42, -339)]
[(-42, -341)]
[(-42, -381)]
[(-39, -363)]
[(-39, -361)]
[(-37, -379)]
[(-37, -379)]
[(-34, -397)]
[(-32, -415)]
[(-32, -415)]
[(-32, -415)]
[(-37, -415)]
[(-37, -415)]
[(-43, -449)]
[(-48, -414)]
[(-55, -398)]
[(-55, -398)]
[(-63, -413)]
[(-66, -396)]
[(-69, -417)]
[(-69, -417)]
[(-71, -400)]
[(-71, -400)]
[(-71, -400)]
[(-71, -400)]
[(-71, -400)]
[(-71, -400)]
[(-71, -400), (1910, 4916)]
[(-71, -400), (1850, 4574)]
[(-71, -400), (1912, 4785)]
[(-71, -400), (1913, 4790)]
[(-71, -400), (1873, 4564)]
[(-74, -417), (1905, 4670)]
[(-71, -400), (1882, 4549)]
[(-69, -417), (1862, 4440)]
[(-69, -417), (1863, 4445)]
[(-69, -417), (1861, 4441)]
[(-69, -417), (1860, 4431)]
[(-69, -417), (1860, 4431)]
[(-69, -417), (1860, 4431)]
[(-69, -417), (1858, 4427)]
[(-69, -417), (1858, 4427)]
[(-69, -417), (1858, 4427)]
[(-69, -417), (1860, 4431)]
[(-69, -417), (1830, 4336)]
[(-69, -417), (1849, 4441)]
[(-69, -417), (1849, 4441)]
[(-69, -417), (1819, 4341)]
[(-69, -417), (1819, 4341)]
[(-69, -417), (1790, 4243)]
[(-71, -434), (1750, 4152)]
[(-74, -417), (1767, 4252)]
[(-74, -417), (1767, 4252)]
[(-74, -417), (1767, 4252)]
[(-74, -417), (1767, 4252)]
[(-76, -434), (1767, 4252)]
[(-76, -434), (1767, 4252)]
[(-74, -417), (1796, 4350)]
[(-74, -417), (1796, 4350)]
[(-74, -417), (1796, 4350)]
[(-74, -417), (1796, 4350)]
[(-74, -417), (1796, 4350)]
[(-74, -417), (1796, 4350)]
[(-74, -417), (1796, 4350)]
[(-74, -417), (1794, 4342)]
[(-74, -417), (1794, 4342)]
[(-74, -417), (1793, 4338)]
[(-74, -417), (1793, 4338)]
[(-74, -419), (1775, 4231)]
[(-74, -419), (1775, 4231)]
[(-74, -419), (1747, 4135)]
[(-74, -419), (1746, 4130)]
[(-74, -419), (1718, 4037)]
[(-74, -419), (1734, 4126)]
[(-74, -419), (1734, 4121)]
[(-74, -419), (1734, 4121)]
[(-74, -419), (1762, 4216)]
[(-74, -419), (1744, 4116)]
[(-74, -419), (1744, 4116)]
[(-71, -436), (1727, 4018)]
[(-71, -436), (1736, 4002)]
[(-71, -436), (1736, 4002)]
[(-71, -436), (1747, 3996)]
[(-71, -436), (1775, 4088)]
[(-71, -439), (1756, 3983)]
[(-71, -439), (1739, 3886)]
[(-71, -439), (1766, 3976)]
[(-71, -439), (1775, 3957)]
[(-71, -437), (1775, 3957)]
[(-71, -437), (1757, 3860)]
[(-71, -437), (1757, 3860)]
[(-71, -437), (1757, 3860)]
[(-71, -439), (1756, 3856)]
[(-71, -439), (1738, 3754)]
[(-71, -439), (1738, 3754)]
[(-71, -439), (1711, 3670)]
[(-71, -439), (1711, 3670)]
[(-71, -439), (1711, 3670)]
[(-71, -439), (1711, 3670)]
[(-71, -439), (1710, 3666)]
[(-71, -439), (1709, 3659)]
[(-71, -439), (1694, 3575)]
[(-71, -439), (1679, 3493)]
[(-71, -439), (1679, 3493)]
[(-71, -439), (1647, 3313)]
[(-71, -436), (1602, 3057)]
[(-71, -436), (1647, 3197)]
[(-71, -436), (1693, 3339)]
[(-71, -436), (1643, 3065)]
[(-71, -436), (1626, 2869)]
[(-71, -436), (1626, 2869)]
[(-71, -436), (1569, 2564)]
[(-71, -436), (1594, 2501)]
[(-71, -436), (1680, 2746)]
[(-71, -436), (1677, 2633)]
[(-71, -436), (1677, 2633)]
[(-71, -436), (1667, 2496)]
[(-71, -436), (1667, 2496)]
[(-71, -436), (1691, 2474)]
[(-71, -436), (1653, 2292)]
[(-71, -436), (1694, 2402)]
[(-71, -436), (1662, 2168)]
[(-71, -436), (1662, 2168)]
[(-71, -436), (1702, 2272)]
[(-71, -436), (1553, 1586)]
[(-71, -436), (1265, 170)]
[(-71, -436), (888, -1577)]
[(-71, -436), (908, -1549)]
[(-71, -436), (1777, 2136)]
[(-71, -436), (1696, 1793)]
[(-71, -436), (1817, 2085)]
[(-71, -436), (1817, 2085)]
[(-71, -436), (1874, 2035)]
[(-71, -436), (1919, 1941)]
[(-71, -436), (1919, 1941)]
[(-71, -436), (1983, 1951)]
[(-71, -436), (2025, 1916)]
[(-71, -436), (2025, 1916)]
[(-71, -436), (2025, 1916)]
[(-71, -436), (2060, 1883)]
[(-71, -436), (2161, 2096)]
[(-71, -436), (2086, 1851)]
[(-71, -436), (2103, 1783)]
[(-71, -436), (2119, 1717)]
[(-71, -436), (2119, 1717)]
[(-71, -436), (2025, 1422)]
[(-71, -436), (2155, 1676)]
[(-71, -436), (2281, 1920)]
[(-71, -436), (2188, 1645)]
[(-71, -439), (2266, 1713)]
[(-71, -439), (2324, 1730)]
[(-71, -439), (2324, 1730)]
[(-71, -439), (2232, 1474)]
[(-71, -439), (2369, 1636)]
[(-71, -439), (2651, 2142)]
[(-71, -439), (3249, 3215)]
[(-71, -439), (3131, 2932)]
[(-71, -439)]
[(-71, -439)]
[(-71, -439)]
[(-71, -439)]
[(-71, -439), (-623, -3726)]
[(-71, -439), (2573, 1840)]
[(-71, -439), (2573, 1840)]
[(-71, -439), (2610, 1889)]
[(-71, -439), (2610, 1889)]
[(-71, -439), (2618, 1887)]
[(-71, -439), (2606, 1837)]
[(-71, -439), (2606, 1837)]
[(-71, -439), (2611, 1830)]
[(-71, -439), (2611, 1830)]
[(-71, -439), (2627, 1828)]
[(-71, -439), (2627, 1828)]
[(-71, -439), (2703, 1927)]
[(-71, -439), (2761, 1982)]
[(-71, -439), (2761, 1982)]
[(-71, -439)]
[(-71, -439)]
[(-71, -439)]
[(-71, -439)]
[(-71, -439)]
[(-71, -439)]
[(-71, -439)]
[(-71, -439)]
[(-71, -439)]
[(-71, -439)]
[(-71, -439)]
[(-71, -439)]
[(-71, -439), (976, 2589)]
[(-71, -439), (976, 2589)]
[(-71, -439), (976, 2589)]
[(-71, -439), (1677, 653)]
[(-71, -439), (1688, 460)]
[(-71, -439), (1661, 505)]
[(-71, -439), (1616, 647)]
[(-71, -439), (1621, 510)]
[(-71, -439), (1566, 561)]
[(-71, -439), (1566, 561)]
[(-71, -439), (1506, 763)]
[(-71, -439), (1456, 829)]
[(-71, -439), (1456, 726)]
[(-71, -439), (1421, 851)]
[(-71, -439), (1417, 628)]
[(-71, -439), (1392, 728)]
[(211, -2335), (1973, 644), (-50, -466)]
[(-71, -439), (3994, 4104), (1359, 559)]
[(-71, -439), (3994, 4104), (1324, 413)]
[(-71, -439), (4189, 4537), (1324, 413)]
[(-71, -439), (2076, 946)]
[(-71, -439), (1739, 362)]
[(-71, -439), (1616, 198)]
[(-71, -439), (1646, 292)]
[(-71, -439), (1508, 47)]
[(-71, -439), (1399, -146)]
[(-71, -439), (1421, -69)]
[(-71, -439), (1469, 97)]
[(-71, -439), (1357, -107)]
[(-71, -439), (1286, -99)]
[(-71, -439), (1366, 220)]
[(-71, -439), (1276, 216)]
[(-71, -439), (1156, -34)]
[(-71, -439), (1156, -34)]
[(-71, -439), (1113, 1)]
[(-71, -439), (1113, 1)]
[(-71, -439), (1070, 39)]
[(-71, -439), (1022, 59)]
[(-71, -439), (1022, 59)]
[(-71, -439), (961, 61), (-320, -2550), (784, 1513)]
[(-71, -439), (961, 61), (-320, -2550), (752, 1397)]
[(-71, -439), (854, -198), (-271, -2171), (747, 1460)]
[(-71, -439), (894, 105), (-210, -1704), (701, 1411)]
[(-71, -439), (827, 169), (-210, -1704), (658, 1263)]
[(-71, -439), (725, -108), (652, 1378)]
[(-71, -439), (749, 143), (652, 1378)]
[(-71, -439), (586, -3262), (613, 1379)]
[(-71, -439), (656, -225), (576, 1426)]
[(-71, -439), (580, -438), (576, 1426)]
[(32, -1138), (691, 1614), (31, 160)]
[(32, -1138), (576, 1135)]
[(32, -1138), (481, 736)]
[(17, -1035), (401, 678)]
[(-3, -905), (400, 1048)]
[(-3, -905), (400, 1048)]
[(-17, -811), (399, 1330)]
[(-32, -716), (305, 1125)]
[(99, 6)]
[(65, 7)]
[(65, 7)]
[(47, -95)]
[(8, -94)]
[(-9, 55)]
[(-27, 215)]
[(-53, 35)]
[(-107, -27), (-321, -1273)]
[(-131, 145), (-321, -1273)]
[(-149, -8), (-423, -1578)]
[(-164, -132), (-423, -1578)]
[(-190, 29), (-558, -1976)]
[(-190, 29), (-558, -1976)]
[(-234, 41), (-714, -2440)]
[(-272, 52)]
[(-556, 1230), (-50, -465)]
[(-556, 1230), (-50, -465)]
[(-683, 1518), (-50, -465)]
[(-826, 2187), (-50, -465)]
[(-71, -439), (-749, 381)]
[(-71, -439), (-749, 381)]
[(-71, -439), (-801, 174)]
[(-71, -439), (-837, 12)]
[(-71, -439), (-837, 12)]
[(-71, -439), (-903, 38)]
[(-71, -439), (-1021, 368)]
[(-71, -439), (-1021, 368)]
[(-71, -439), (-940, -360)]
[(-71, -439), (-1233, 1224)]
[(-71, -439)]
[(-71, -439)]
[(-71, -439)]
[(-71, -439)]
[(-71, -439)]
[(-71, -439)]
[(-71, -439)]
[(-50, -466)]
[(-50, -466)]
[(-71, -439)]
[(-71, -439)]
[(-71, -439)]
[(-71, -439)]
[(-71, -439)]
[(-71, -439)]
[(-71, -439)]
[(-71, -439)]
[(-71, -439)]
[(-71, -439)]
[(-71, -439)]
[(-71, -439)]
[(-71, -439)]
[(-71, -439)]
[(-71, -439)]
[(-71, -439)]
[(-71, -439)]
[(-71, -439)]
[(-71, -439)]
[(-71, -439)]
[(-71, -439)]
[(-71, -439)]
[(-71, -439)]
[(-71, -439)]
[(-71, -439)]
[(-71, -439)]
[(-71, -439)]
[(-71, -439)]
[(-71, -439)]
[(-71, -439)]
[(-71, -439)]
[(-71, -439)]
[(-71, -439)]
[(-71, -439)]
[(-71, -439)]
[(-71, -439)]
[(-71, -439)]
[(-71, -439)]
[(-71, -439)]
[(-71, -439)]
[(-71, -439)]
[(-71, -439)]
[(-71, -439)]
[(-71, -439)]
[(-71, -439)]
[(-71, -439)]
[(-71, -439)]
[(-71, -439)]
[(-71, -439)]
[(-71, -439)]
[(-71, -439)]
[(-71, -439)]
[(-71, -439)]
[(-71, -439)]
[(-71, -439)]
[(-71, -439)]
[(-69, -456)]
[(-69, -456)]
[(-69, -456)]
[(-69, -456)]
[(-69, -456)]
[(-69, -456)]
[(-69, -456)]
[(-69, -456)]
[(-69, -456)]
[(-69, -456)]
[(-69, -456)]
[(-69, -456)]
[(-69, -456)]
[(-71, -439)]
[(-71, -439)]
[(-71, -439)]
[(-71, -439)]
[(-71, -439)]
[(-69, -456)]
[(-69, -456)]
[(-69, -456)]
[(-69, -456)]
[(-69, -456)]
[(-69, -456)]
[(-69, -456)]
[(-69, -456)]
[(-69, -456)]
[(-69, -456)]
[(-69, -456)]
[(-69, -456)]
[(-69, -456)]
[(-69, -456)]
[(-69, -456)]
[(-69, -456)]
[(-69, -456)]
[(24, 103)]
[(12, 10)]
[(3, -63)]
[(3, -63)]
[(386, -3740), (-7, -138)]
[(-7, -138)]
[(331, 2629), (-975, 972)]
[(188, 1402)]
[(188, 1402)]
[(91, 626), (-736, -1450)]
[(91, 626), (-736, -1450)]
[(-128, -256)]
[(-53, -52)]
[(-100, -390)]
[(-147, -716)]
[(-114, -619)]
[(-140, -807)]
[(-140, -807)]
[(-278, 989), (225, 1909)]
[(-278, 989)]
[(-190, 395)]
[(-138, 40)]
[(-3, -866)]
[(30, -1086)]
[(-158, -1884), (30, -1086)]
[(-17, -1893), (-32, -418)]
[(-4, -1851), (-32, -418)]
[(41, -2047), (-4, -335)]
[(97, -2097), (14, -282)]
[(97, -2097), (40, -204)]
[(118, -2198), (40, -204)]
[(169, -2213), (75, -101)]
[(216, -2123), (75, -101)]
[(247, -2061), (82, -78)]
[(282, -2094), (82, -78)]
[(282, -2094), (-11, -351), (50, -4750)]
[(287, -2151), (-30, -407), (181, -3942)]
[(149, 921), (-30, -407), (160, -4420)]
[(149, 921), (-50, -465), (248, -4206)]
[(-66, -441), (738, 4655), (331, -3653)]
[(-66, -441), (392, -3727)]
[(-66, -441), (392, -3727)]
[(-66, -441), (382, -4278)]
[(-66, -439), (426, -4372)]
[(-66, -439), (426, -4372)]
[(-66, -439), (496, -4170)]
[(-66, -439), (560, -3627)]
[(-66, -439), (630, -3377)]
[(-66, -439), (634, -3709)]
[(-66, -439), (687, -3219)]
[(-66, -439), (693, -3535)]
[(-66, -439), (726, -3216)]
[(-66, -439), (737, -3616)]
[(-66, -439), (768, -3288)]
[(-66, -439), (809, -3282)]
[(-66, -439), (814, -3439)]
[(-66, -439), (842, -3126)]
[(-66, -439), (845, -3201)]
[(-66, -439), (871, -2907)]
[(-66, -439), (871, -2907)]
[(-66, -439), (894, -2637)]
[(-66, -439), (911, -2447)]
[(-66, -439), (911, -2447)]
[(-66, -439), (911, -2447)]
[(-66, -439), (916, -2387)]
[(-66, -439), (916, -2387)]
[(-66, -439), (916, -2387)]
[(-66, -439), (912, -2328)]
[(-66, -439), (912, -2328)]
[(-66, -439), (913, -2327)]
[(-66, -439), (913, -2327)]
[(-66, -439), (909, -2270)]
[(-66, -439), (906, -2214)]
[(-66, -439), (906, -2214)]
[(-68, -421), (899, -2103)]
[(-68, -421), (894, -2158)]
[(-68, -421), (889, -2215)]
[(-68, -421), (885, -2159)]
[(-66, -439), (885, -2159)]
[(-66, -439), (885, -2160)]
[(-66, -439), (885, -2160)]
[(-66, -439), (875, -2273)]
[(-66, -439), (869, -2331)]
[(-66, -439), (870, -2512)]
[(-66, -439), (876, -2637)]
[(-66, -439), (876, -2637)]
[(-66, -439), (883, -2768)]
[(-66, -439), (883, -2768)]
[(-66, -439), (890, -2903)]
[(-66, -439), (901, -2766)]
[(-66, -439), (916, -2698)]
[(-66, -439), (916, -2697)]
[(-66, -439), (927, -2568)]
[(-66, -439), (923, -2504)]
[(-66, -439), (929, -2443)]
[(-66, -439), (925, -2380)]
[(-66, -439), (923, -2206)]
[(-66, -439), (928, -2151)]
[(-66, -439), (916, -2097)]
[(-66, -439), (916, -2097)]
[(-66, -439), (906, -1938)]
[(-66, -439), (895, -1888)]
[(-66, -439), (895, -1888)]
[(-66, -439), (871, -1890)]
[(-66, -439), (855, -2049)]
[(-66, -439), (829, -2054)]
[(-66, -439), (829, -2054)]
[(-66, -439), (820, -1848)]
[(-66, -439), (785, -1802)]
[(-66, -439), (767, -1957)]
[(-66, -439), (754, -1618)]
[(-66, -439), (736, -1762)]
[(-66, -437), (698, -1580)]
[(-66, -437), (689, -1242)]
[(-66, -437), (689, -1242)]
[(-66, -435), (657, -1129)]
[(-66, -435), (612, -1415)]
[(-66, -435), (608, -1174)]
[(-66, -435), (551, -1260)]
[(-66, -435), (551, -1260)]
[(-66, -435), (495, -1305)]
[(-66, -435), (495, -1305)]
[(-66, -435)]
[(716, 4512), (-66, -437), (395, -1487)]
[(716, 4512), (-66, -437), (347, -1367)]
[(716, 4512), (-66, -437)]
[(136, 842), (-50, -465)]
[(66, 399), (312, -990)]
[(66, 399), (250, -1262)]
[(-15, -113)]
[(-15, -113)]
[(-135, -873)]
[(-135, -873), (359, 3025)]
[(-187, -1207), (353, 3019)]
[(-187, -1207)]
[(-185, -1196)]
[(-20, -2326), (-69, -458)]
[(-20, -2326), (-69, -458)]
[(-69, -458)]
[(100, -1586), (37, 130)]
[(100, -1586), (21, 86)]
[(17, -1032), (39, 309)]
[(17, -1031), (74, 581)]
[(17, -1031), (74, 581)]
[(-36, -677), (164, 1349)]
[(-112, -172), (148, 1315)]
[(-178, 264), (286, 2419)]
[(-178, 264), (277, 2406)]
[(-246, 725), (344, 3562)]
[(-339, 1348), (-115, -415)]
[(-337, 1395), (-115, -415)]
[(-137, -444)]
[(-137, -444)]
[(15, 34), (-775, -2175)]
[(-46, -436)]
[(-46, -436)]
[(-50, -465)]
[(-50, -465)]
[(-50, -465)]
[(-50, -465)]
[(-50, -465)]
[(-50, -465)]
[(-50, -465)]
[(-50, -465)]
[(-66, -439)]
[(-66, -439)]
[(-66, -439)]
[(-66, -439), (-1036, -895)]
[(-69, -456)]
[(-71, -439), (-1150, -1036)]
[(-71, -439), (-1321, -1311)]
[(-71, -439), (-1293, -1228)]
[(-71, -439), (-1293, -1228)]
[(-71, -439), (-1531, -1640)]
[(-71, -439), (-2107, -2731)]
[(-71, -439)]
[(-71, -439)]
[(-71, -439)]
[(-71, -439)]
[(-71, -439)]
[(-71, -439)]
[(-71, -439)]
[(-71, -439)]
[(-71, -439)]
[(-71, -439)]
[(-71, -439)]
[(-71, -439)]
[(-71, -439)]
[(-71, -439)]
[(-71, -439)]
[(-71, -439)]
[(-71, -439)]
[(-71, -439)]
[(-71, -439)]
[(-71, -439)]
[(-71, -439)]
[(-71, -439)]
[(-71, -439)]
[(-71, -439)]
[(-71, -439)]
[(-71, -439)]
[(-71, -439)]
[(-71, -439)]
[(-71, -439)]
[(-71, -439)]
[(-71, -439)]
[(-71, -439)]
[(-71, -439)]
[(-71, -439)]
[(-71, -439)]
[(-71, -439)]
[(-71, -439)]
[(-71, -439)]
[(-71, -437)]
[(-71, -437)]
[(-71, -439)]
[(-71, -437)]
[(-71, -437)]
[(-71, -437)]
[(-71, -437)]
[(-68, -419)]
[(-68, -419)]
[(-68, -419)]
[(-68, -419)]
[(-68, -419)]
[(-68, -419)]
[(-68, -419)]
[(-68, -419)]
[(-68, -419)]
[(-68, -419)]
[(-68, -419)]
[(-66, -437)]
[(-66, -437)]
[(-66, -437)]
[(-66, -437)]
[(-66, -437)]
[(-66, -437)]
[(-66, -437)]
[(-66, -437)]
[(-66, -437)]
[(-66, -437)]
[(-66, -437)]
[(-66, -437)]
[(-66, -437)]
[(-66, -437)]
[(-66, -437)]
[(-50, -465)]
[(-66, -437)]
[(-66, -437)]
[(-66, -437)]
[(-66, -437)]
[(-66, -437)]
[(-66, -437)]
[(-66, -437)]
[(-66, -437)]
[(-66, -437)]
[(-66, -437)]
[(-66, -437)]
[(-66, -437)]
[(-66, -437)]
[(-66, -437)]
[(-50, -465)]
[(-50, -465)]
[(-66, -437)]
[(-66, -437)]
[(-66, -437)]
[(-66, -437)]
[(-66, -437)]
[(-66, -437), (-1143, 455)]
[(-66, -437), (-1146, 478)]
[(-66, -437), (-1031, 172)]
[(-66, -437), (-936, 79), (-2940, -4361)]
[(-66, -437), (-936, 79), (-2622, -3940)]
[(-66, -437), (-856, 29), (-1973, -2672)]
[(-66, -437), (-753, -268), (-2185, -3241)]
[(-66, -437), (-773, 103)]
[(-66, -437), (-688, 233)]
[(-66, -437), (-688, 233), (-1318, -1616)]
[(-627, 1360), (-50, -465), (-1580, -2416)]
[(-627, 1360), (93, 638), (-2068, -4730)]
[(-528, 1110), (-1409, -3093)]
[(-286, -111)]
[(-276, 18)]
[(-234, -17), (-507, -1209)]
[(-185, -31), (-461, -1240)]
[(-185, -31)]
[(-161, 193), (-358, -1112)]
[(-123, -64)]
[(-123, -64), (325, 2948)]
[(-76, 1), (325, 2948)]
[(-36, 0)]
[(2, 20)]
[(2, 20)]
[(23, -168)]
[(46, -30)]
[(86, -98)]
[(86, -98)]
[(133, -128)]
[(8, -912), (374, 819)]
[(8, -912), (374, 819)]
[(-59, -442), (379, -236)]
[(-59, -440), (436, -381)]
[(-59, -440), (485, -223), (511, 1196)]
[(-59, -440), (545, -29), (551, 1320)]
[(124, -1695), (526, -554), (551, 1320)]
[(319, -3341), (555, -3256), (-44, -466), (552, 1309)]
[(319, -3341), (555, -3256), (-44, -466), (593, 1434)]
[(-61, -423), (700, -88), (593, 1434)]
[(-61, -423), (671, -428), (640, 1573)]
[(-61, -423), (788, -124), (886, -1239)]
[(-61, -421), (862, -140), (912, -1624)]
[(-61, -421), (862, -140), (912, -1624)]
[(-58, -439), (925, -139), (993, -1490)]
[(-58, -439), (925, -139)]
[(-58, -441), (983, -141), (1073, -1524)]
[(-58, -439), (947, -356), (1130, -1348)]
[(-58, -439), (1038, -159)]
[(-56, -458), (1094, -173), (1184, -1307)]
[(-56, -458), (1094, -173)]
[(-56, -456), (1162, -184)]
[(-56, -456), (1162, -184)]
[(-56, -454), (1189, -251)]
[(-56, -454), (1307, -24)]
[(-56, -454), (1250, -253)]
[(-56, -454), (1319, -176)]
[(-56, -454), (1393, -39)]
[(-56, -454), (1393, -39)]
[(-56, -454), (1377, -99)]
[(-56, -454), (1416, -28)]
[(-56, -454), (1474, 78)]
[(-56, -454), (1468, 56)]
[(-56, -454), (1510, 122)]
[(-56, -454), (1548, 181)]
[(-56, -454), (1548, 181)]
[(-56, -454), (1541, 159)]
[(-56, -454), (1596, 246)]
[(-56, -454), (1655, 352)]
[(-56, -454), (1690, 416), (1531, -633)]
[(-56, -454), (1690, 415)]
[(-56, -454), (1728, 471), (1590, -679)]
[(-56, -454), (1728, 471), (1590, -679)]
[(-56, -454), (1719, 445), (1661, -993)]
[(-56, -454), (1751, 480), (1653, -792)]
[(-56, -454), (1835, 629), (1730, -1123)]
[(-56, -454), (1982, 864), (1787, -1115)]
[(-56, -454), (1982, 864), (1787, -1115)]
[(-56, -454), (2195, 1203), (1840, -1053)]
[(-56, -454), (3642, 3732), (1840, -1053)]
[(210, -2294), (3529, 3477), (-44, -466), (1851, -828)]
[(211, -2299), (3456, 3314), (-48, -496), (1866, -678)]
[(211, -2299), (-737, -3919), (-48, -496), (1843, -397)]
[(212, -2308), (2029, 821), (-48, -496), (1870, -488)]
[(212, -2308), (2127, 989), (-48, -496), (1841, -161)]
[(212, -2308), (2127, 989), (997, 2635)]
[(213, -2310), (2115, 956), (997, 2635)]
[(214, -2307), (2157, 1028), (997, 2635)]
[(214, -2307), (2157, 1028), (1010, 2675)]
[(214, -2307), (2158, 1031), (1050, 2800)]
[(213, -2302), (2205, 1136), (1050, 2800)]
[(213, -2299), (2218, 1171), (1164, 3148)]
[(213, -2299), (2219, 1173), (970, 2553)]
[(213, -2299), (2219, 1173), (970, 2553)]
[(-51, -454), (2201, 1168), (970, 2553)]
[(-51, -454), (2201, 1168), (973, 2563)]
[(-51, -454), (2185, 1168), (2105, -1163)]
[(-51, -454), (-602, -3687), (2169, -1376)]
[(-51, -454), (-602, -3687)]
[(-51, -454)]
[(-51, -454)]
[(-51, -454), (4089, 4592)]
[(-51, -454), (2894, 2484)]
[(-53, -437), (2944, 2605)]
[(-53, -437), (2630, 2049)]
[(-53, -437), (2485, 1825)]
[(-53, -437), (2485, 1825)]
[(-53, -437), (2504, 1873)]
[(-53, -437), (2466, 1806)]
[(-53, -437), (2466, 1806)]
[(-53, -437), (2378, 1650)]
[(-53, -437), (2388, 1697)]
[(-53, -437), (2319, 1573)]
[(-53, -437), (2335, 1616)]
[(-53, -437), (2321, 1634)]
[(-53, -437), (2321, 1634)]
[(-53, -437), (2404, 1860)]
[(-53, -437), (2351, 1855)]
[(-53, -437), (2233, 1633)]
[(-53, -437), (2098, 1381)]
[(-53, -437), (2182, 1628)]
[(-53, -437), (2136, 1633)]
[(-53, -437), (2136, 1633)]
[(-53, -437), (2077, 1580)]
[(-53, -437), (2074, 1639)]
[(-53, -437), (2074, 1639)]
[(-53, -437), (2021, 1533)]
[(-53, -437), (1987, 1513)]
[(-53, -437), (1987, 1513)]
[(-53, -437), (2026, 1641)]
[(-53, -437), (2027, 1676)]
[(-53, -437), (2044, 1759)]
[(-53, -437), (2044, 1759)]
[(-53, -437), (2036, 1796)]
[(-53, -437), (2053, 1884)]
[(-53, -437), (2053, 1884)]
[(-53, -437), (2053, 1884)]
[(-53, -437), (2021, 1871)]
[(-53, -437), (2039, 1964)]
[(-53, -437), (2039, 1964)]
[(-53, -437), (2035, 2010)]
[(-53, -437), (2044, 2105)]
[(-53, -437), (2121, 2374)]
[(-53, -437), (2121, 2374)]
[(-53, -437), (1995, 2093)]
[(-53, -437), (1925, 2034)]
[(-53, -437), (1925, 2034)]
[(-53, -437), (1884, 2078)]
[(-53, -437), (1818, 2024)]
[(-53, -437), (1818, 2024)]
[(-53, -437), (1883, 2285)]
[(-53, -437), (1812, 2176)]
[(-53, -437), (1728, 1972)]
[(-53, -437), (1670, 1830)]
[(-53, -437), (1715, 2023)]
[(-53, -439), (935, -1362)]
[(-53, -439), (908, -1403)]
[(-53, -439), (1316, 529)]
[(-53, -439), (1737, 2485)]
[(-53, -439), (1612, 2152)]
[(-53, -441), (1558, 2192)]
[(-53, -441), (1558, 2192)]
[(-53, -441), (1465, 1938)]
[(-53, -441), (1522, 2239)]
[(-53, -439), (1567, 2474)]
[(-53, -439), (1447, 2218)]
[(-53, -439), (1447, 2218)]
[(-53, -439), (1400, 2204)]
[(-53, -439), (1447, 2479)]
[(-53, -439), (1355, 2202)]
[(-53, -439), (1277, 1967)]
[(-53, -439), (1333, 2327)]
[(-53, -439), (1396, 2735)]
[(-53, -439), (1286, 2378)]
[(-53, -441), (1227, 2351)]
[(-53, -441), (1270, 2664), (1227, 1656)]
[(-53, -441), (1121, 2152)]
[(-53, -441), (1048, 2208)]
[(-53, -441), (1048, 2208)]
[(-53, -441), (1048, 2208)]
[(-53, -441), (1032, 2672)]
[(-13, -738), (885, 2159)]
[(-13, -738), (744, 3033)]
[(-19, -696), (718, 2995)]
[(-23, -668), (688, 2953)]
[(-23, -668), (688, 2953)]
[(-33, -597), (613, 2846)]
[(-41, -539), (562, 2774)]
[(-47, -493), (424, 2575)]
[(-47, -493), (417, 3264)]
[(-53, -452)]
[(-55, -434)]
[(-55, -434)]
[(-55, -434)]
[(-58, -416)]
[(-67, -360)]
[(-67, -360)]
[(-69, -342)]
[(-80, -271), (-279, -1725)]
[(-80, -271), (-577, -2706)]
[(-36, 163), (-577, -2706)]
[(-48, 209), (1492, 4075)]
[(-51, 187), (1492, 4075)]
[(-51, 187)]
[(-63, 187)]
[(-37, -13)]
[(-60, 75)]
[(-66, 75)]
[(-69, 53)]
[(-75, 53)]
[(-75, 53)]
[(-80, 9)]
[(-338, 1848), (-41, -496)]
[(-359, 1939), (-41, -496)]
[(-359, 1939), (-41, -496)]
[(-361, 1889), (-41, -496)]
[(-391, 2037), (-41, -496)]
[(-391, 2037), (-41, -496)]
[(-423, 2135), (-41, -496)]
[(-50, -413)]
[(-465, 2298), (-41, -496)]
[(-55, -445)]
[(-587, 3055), (-41, -496)]
[(-665, 3429), (-41, -496)]
[(-715, 3762), (-41, -496)]
[(-65, -510)]
[(-65, -510)]
[(-65, -510)]
[(-68, -526)]
[(-68, -527)]
[(-73, -558)]
[(-73, -558)]
[(-76, -574)]
[(-78, -588)]
[(-78, -588)]
[(-83, -617)]
[(-83, -617)]
[(-58, -470), (-1078, 3345)]
[(-55, -455), (-1106, 3273)]
[(-55, -455), (-1106, 3273)]
[(-55, -455), (-1106, 3273)]
[(-55, -456), (-1139, 3276)]
[(-55, -456), (-1189, 3352)]
[(-55, -456), (-1264, 3680)]
[(-55, -456), (-1226, 3272)]
[(-53, -439), (-1281, 3274)]
[(-53, -439), (-1401, 3767)]
[(-53, -439), (-1401, 3767)]
[(-53, -439), (-1337, 3196)]
[(-53, -439), (-1383, 3120)]
[(-53, -439), (-1383, 3120)]
[(-53, -439), (-1436, 3035)]
[(-53, -439), (-1482, 3067)]
[(-53, -439), (-1567, 3370)]
[(-53, -439), (-1523, 3055)]
[(-53, -439), (-1572, 3026)]
[(-53, -439), (-1572, 3026)]
[(-53, -439), (-1572, 3026)]
[(-53, -439), (-1631, 2997)]
[(-53, -439), (-1783, 3260)]
[(-53, -441)]
[(-53, -441)]
[(-53, -441)]
[(-53, -441)]
[(-53, -441)]
[(-53, -441)]
[(-53, -441)]
[(-53, -441)]
[(-53, -441)]
[(-53, -441)]
[(-53, -441)]
[(-53, -441)]
[(-53, -441)]
[(-53, -441)]
[(-53, -441)]
[(-53, -441)]
[(-53, -441)]
[(-53, -441)]
[(-53, -441)]
[(-53, -441)]
[(-53, -441)]
[(-53, -441)]
[(-53, -441)]
[(-53, -441)]
[(-53, -441)]
[(-53, -441)]
[(-53, -441)]
[(-53, -441)]
[(-53, -439)]
[(-53, -439)]
[(-53, -439)]
[(-53, -439)]
[(-53, -439)]
[(-53, -439)]
[(-53, -439)]
[(-53, -439)]
[(-53, -439)]
[(-53, -439)]
[(-53, -439)]
[(-53, -439)]
[(-53, -439)]
[(-53, -439)]
[(-49, -461)]
[(-49, -461)]
[(-49, -461)]
[(-49, -461)]
[(-49, -461)]
[(-49, -461)]
[(-49, -461)]
[(-49, -461)]
[(-49, -461), (305, 3701)]
[(-49, -461), (305, 3701)]
[(-49, -461), (234, 1787)]
[(-49, -461), (103, 678)]
[(-50, -463), (103, 678)]
[(-47, -444)]
[(-47, -444)]
[(-40, -379)]
[(-40, -379)]
[(-39, -385)]
[(-27, -274)]
[(-9, -160)]
[(-8, -166)]
[(8, -63)]
[(22, 23)]
[(22, 23)]
[(22, 23)]
[(22, 23), (79, -993)]
[(89, -958)]
[(54, -1342)]
[(1, -1941)]
[(26, -1839)]
[(7, -2360)]
[(7, -2360)]
[(11, -2756)]
[(11, -2756)]
[(-59, -3669)]
[(333, -2163)]
[(460, -1472)]
[(452, -2050)]
[(265, -1765)]
[(260, -1737), (1056, -1009)]
[(264, -1786)]
[(264, -1786), (1131, -1116)]
[(264, -1786), (1205, -1191)]
[(268, -1838), (1254, -1575)]
[(268, -1838), (1270, -1188)]
[(1838, 1362), (1317, -1529)]
[(1696, 868), (1329, -1112)]
[(1565, 413), (1387, -1490)]
[(1565, 413), (1441, -1403)]
[(1453, 21), (1444, -1078)]
[(1396, -176)]
[(1396, -176)]
[(106, -3847), (1563, -1491)]
[(106, -3847), (1560, -1275)]
[(91, -3843), (1628, -1629)]
[(2275, 1246), (1666, -1580)]
[(2221, 1100), (1666, -1580)]
[(-112, -4881), (1686, -1481)]
[(-112, -4881), (1674, -1174)]
[(-120, -4900), (1692, -1254)]
[(-139, -4890), (1692, -1254)]
[(-139, -4890), (1681, -970)]
[(-139, -4890), (1673, -786)]
[(-155, -4882), (1671, -715)]
[(-163, -4900), (1655, -649)]
[(-163, -4900), (1655, -655)]
[(-186, -4911), (1640, -593)]
[(-202, -4945), (1618, -499)]
[(-208, -4927), (1618, -499)]
[(-223, -4959), (1605, -501)]
[(-229, -4937), (1610, -668)]
[(-234, -4918), (1595, -602)]
[(-249, -4928), (1585, -739)]
[(-259, -4949), (1588, -886)]
[(-272, -4958), (1576, -966)]
[(-272, -4958), (1576, -966)]
[(-286, -4968), (1569, -930)]
[(-297, -4989), (1556, -1008)]
[(-299, -4977), (1559, -1167)]
[(-303, -4957), (1551, -1127)]
[(-317, -4984), (1553, -1248)]
[(1539, -1289)]
[(1539, -1289)]
[(1515, -1167)]
[(1487, -1127)]
[(1487, -1127)]
[(-1118, 460), (1458, -1086)]
[(-1118, 460), (1457, -1202)]
[(-1124, 507), (1417, -970)]
[(-1046, 296), (-2792, -3975), (1386, -790)]
[(-978, 194), (-2464, -3355), (1383, -927)]
[(-898, -28), (-2271, -3104), (1355, -926)]
[(-913, 147), (-2271, -3104), (1355, -926)]
[(-841, 132), (-1975, -2607), (1321, -913)]
[(-756, -123), (-1560, -1804), (1314, -1139)]
[(-756, -123), (-2358, -3437), (1287, -1304)]
[(-771, 167), (-2492, -3782), (1264, -1142)]
[(-713, 223), (734, 2604), (-1152, -1138), (1254, -1412)]
[(-722, 477), (737, 2582), (-1247, -1427), (1243, -1326)]
[(-652, 223), (-929, -782), (1233, -1546)]
[(-598, 210), (-1064, -1229), (1206, -1327)]
[(-599, 397), (-958, -1199), (1179, -1412)]
[(-544, 177), (1170, -1590)]
[(-495, -20), (-871, -1160), (724, 2353)]
[(-490, 229), (-871, -1160), (724, 2353)]
[(-482, 552), (-580, -667), (710, 2259)]
[(-422, 269), (710, 2259)]
[(-337, 284), (-672, -1054), (716, 2201)]
[(-316, 637), (-473, -735), (614, 3192)]
[(-263, 319), (609, 3187)]
[(-224, 88), (696, 2160)]
[(-170, 115), (688, 2139)]
[(-147, 328), (-306, -821), (969, -1692)]
[(-147, 328), (955, -1508)]
[(-88, 351), (955, -1508)]
[(-21, 251), (928, -1555)]
[(15, 505), (905, -1791)]
[(44, 202), (-171, -987), (896, -1647)]
[(71, -83), (-249, -1541), (887, -1511)]
[(113, 153), (-75, -976), (862, -1744)]
[(129, -43), (-35, -1168), (833, -1796)]
[(171, 176), (810, -2002)]
[(221, 98), (18, -1343)]
[(221, 98), (784, -1951)]
[(232, -104), (190, -1144)]
[(278, -169), (156, -1659)]
[(321, 8), (156, -1659)]
[(377, -60), (232, -1681)]
[(377, -60)]
[(442, -93), (513, -1308)]
[(544, 267), (512, -1520)]
[(531, -109), (570, -1174)]
[(520, -424)]
[(591, -216)]
[(563, -762)]
[(618, -623)]
[(1409, 288), (610, -1298)]
[(965, -593)]
[(1371, 1742), (708, -1555)]
[(1282, 1244), (744, -1512)]
[(1212, 1060), (744, -1512)]
[(1022, 276), (778, -1426)]
[(1022, 276), (973, -1164)]
[(845, -320), (448, -1522)]
[(761, -517)]
[(743, -676)]
[(743, -676)]
[(668, -929)]
[(659, -1017)]
[(420, -1529), (1069, -138)]
[(351, -2077), (1105, -172), (1297, -1433)]
[(284, -2032), (1079, -521), (1356, -1856)]
[(239, -2119), (1205, -282), (1367, -1348)]
[(242, -2147), (1173, -416), (1431, -1762), (232, -1070)]
[(242, -2147), (1173, -416), (1494, -1528), (198, -961)]
[(194, -2204), (1380, 49), (1493, -991), (141, -1185)]
[(194, -2204), (1380, 49), (1553, -1307), (161, -923)]
[(138, -2255), (1677, 785), (1547, -837), (92, -1185)]
[(70, -2314), (2101, 1934), (1600, -821), (17, -1301)]
[(70, -2314), (2101, 1934), (1673, -1154), (44, -1022)]
[(19, -2110), (1493, -53), (1673, -1154), (44, -1022)]
[(-145, -2375), (1645, 179), (1744, -1265), (-35, -1123)]
[(-58, -2108), (1915, 644), (1729, -964)]
[(-78, -2096), (2704, 1941), (1814, -1322)]
[(-78, -2096), (2704, 1941), (1795, -1009)]
[(63, -2588), (1854, -1246), (-110, -952)]
[(1907, -1460), (-64, -592)]
[(1860, -852), (-208, -1029)]
[(1900, -999), (-156, -673)]
[(1900, -999), (-156, -673)]
[(1919, -894), (-190, -604)]
[(1951, -942), (-223, -509)]
[(1943, -856), (-340, -823)]
[(2007, -1078), (-269, -429)]
[(2001, -1026), (-362, -668)]
[(2058, -1224), (-266, -159)]
[(2050, -1152), (-330, -316)]
[(2105, -1239), (-116, 884)]
[(2155, -1408), (-499, -1003)]
[(2129, -1195), (-573, -1192)]
[(2111, -939), (-575, -1072)]
[(2111, -939), (-575, -1072)]
[(2122, -975), (-505, -751)]
[(2046, -429), (-522, -683)]
[(1958, 266), (-592, -851)]
[(1950, 287), (-553, -682)]
[(-324, -4962), (1901, 683), (-670, -956)]
[(-280, -4862), (1850, 986), (-782, -1185)]
[(-281, -4860), (1850, 986), (-782, -1185)]
[(-281, -4860), (1832, 1027), (-762, -1106)]
[(-243, -4792), (1817, 1082), (-925, -1482)]
[(-217, -4738), (1817, 1082), (-1048, -1768)]
[(-217, -4738), (1806, 1107), (-1049, -1768)]
[(-175, -4651), (1925, 39), (-1116, -1924)]
[(-22, -3976), (1925, 40), (-1132, -1977)]
[(-20, -3977), (1917, 64), (-1162, -2086)]
[(-230, -4769), (1951, -246), (-1187, -2142)]
[(-230, -4769), (1967, -395), (-1229, -2259)]
[(-229, -4771), (1967, -395), (-1229, -2259)]
[(-224, -4765), (1991, -551), (-1230, -2260)]
[(-219, -4754), (-1206, -2201), (1994, -578)]
[(-218, -4756), (-1198, -2202), (2000, -628)]
[(-222, -4757), (-1214, -2259), (1989, -595)]
[(-1216, -2263), (1989, -595)]
[(-1216, -2263), (1989, -594)]
[(-1192, -2206), (1988, -581)]
[(-1208, -2263), (1988, -580)]
[(-1208, -2263), (1990, -600)]
[(-1208, -2263), (1992, -620)]
[(-1208, -2264), (1992, -619)]
[(-1207, -2262), (1992, -619)]
[(1989, -588)]
[(1989, -588)]
[(1989, -588)]
[(1999, -620)]
[(2001, -640)]
[(2001, -641)]
[(2003, -660)]
[(-1180, -2200), (2016, -718)]
[(-1165, -2143), (2027, -752)]
[(-1165, -2143), (2027, -752)]
[(-1150, -2088), (2025, -733)]
[(-1150, -2088), (2025, -733)]
[(-1120, -1981), (2035, -766)]
[(-1120, -1981), (2035, -766)]
[(-1092, -1879), (2035, -767)]
[(-1065, -1781), (2035, -766)]
[(-1065, -1781), (2035, -766)]
[(2046, -801)]
[(-1098, -1841), (2037, -722)]
[(2037, -724)]
[(-1101, -1795), (2034, -702)]
[(-1120, -1839), (2029, -654)]
[(-227, -4703), (-1106, -1790), (2029, -654)]
[(-225, -4711), (2015, -533), (-1126, -1837)]
[(-222, -4718), (2015, -534), (-1085, -1690)]
[(-228, -4730), (2015, -534), (-1085, -1690)]
[(-229, -4748), (2007, -467), (-1052, -1549)]
[(-227, -4754), (2008, -428), (-985, -1289)]
[(-231, -4761), (1988, -257), (-1005, -1333)]
[(-85, -4415), (1988, -254), (-904, -979)]
[(-14, -4079), (1981, -200), (-922, -1018)]
[(-14, -4080), (1985, -234), (-891, -813)]
[(-14, -4080), (1968, -184), (-815, -553)]
[(-221, -4759), (1968, -184), (-815, -553)]
[(-221, -4759), (1961, -174), (-826, -476)]
[(-215, -4746), (1987, -403), (-971, -763)]
[(1987, -510), (-1132, -1012)]
[(1987, -510), (-1132, -1012)]
[(1984, -544), (-1345, -1354)]
[(1984, -544), (-1273, -1149)]
[(1988, -582), (-1535, -1644)]
[(1968, -519)]
[(1968, -519)]
[(1967, -570)]
[(1958, -539)]
[(1958, -539)]
[(1963, -591)]
[(1967, -626)]
[(1967, -626)]
[(1974, -696)]
[(1981, -761)]
[(1991, -797)]
[(1991, -797)]
[(2012, -867)]
[(2012, -867)]
[(2023, -904)]
[(2033, -927)]
[(2023, -838)]
[(2023, -838)]
[(2010, -726)]
[(2000, -695)]
[(1980, -566)]
[(1971, -483)]
[(1971, -485)]
[(1955, -335)]
[(1937, -279)]
[(1920, -125)]
[(1911, -98)]
[(1881, -29)]
[(1877, 17)]
[(1838, 133)]
[(1842, 90)]
[(1798, 225)]
[(1811, 69)]
[(1765, 159)]
[(1724, 290)]
[(1733, 152)]
[(1707, 133)]
[(1707, 133)]
[(1686, 113)]
[(1667, 180)]
[(1675, 15)]
[(1655, 87)]
[(1662, -74)]
[(1639, -68)]
[(1609, -34)]
[(1609, -34)]
[(1572, 108)]
[(1574, 29)]
[(1540, 62)]
[(1540, 62)]
[(1506, 98)]
[(1474, 230)]
[(1474, 135)]
[(1443, 265)]
[(1442, 176)]
[(1949, 587)]
[(1949, 587)]
[(1377, 360)]
[(2188, 1091), (1330, 452)]
[(2188, 1091), (1326, 351)]
[(-33, -4870), (1282, 556)]
[(-71, -4981), (1231, 638)]
[(-117, -4861), (1223, 530)]
[(-117, -4861), (1196, 669)]
[(1196, 669)]
[(1162, 648)]
[(1143, 450)]
[(1122, 576)]
[(1078, 519)]
[(1058, 347)]
[(1032, 533)]
[(1032, 533)]
[(987, 582)]
[(952, 597)]
[(930, 452)]
[(916, 577)]
[(889, 413)]
[(995, -164)]
[(995, -164)]
[(834, 484)]
[(790, 482)]
[(765, 351)]
[(752, 555)]
[(-39, -2324), (721, 409)]
[(-921, -616), (689, 466)]
[(-847, -781), (682, 613)]
[(-927, 43), (682, 613)]
[(-882, 202), (644, 623)]
[(631, -184), (-826, 196)]
[(631, -184), (-826, 196)]
[(631, -184), (-826, 196)]
[(494, -2134), (-775, 257), (488, 358)]
[(-792, 577), (511, 2167), (-2810, -4375)]
[(-716, 311), (511, 2167), (-2810, -4375)]
[(-642, 351), (489, 2092), (-1407, -1707)]
[(-642, 351), (466, 2046)]
[(-568, 69), (426, 872), (-997, -979)]
[(414, -145), (-504, 105), (438, 1883)]
[(369, -312), (-500, 365), (405, 1814)]
[(317, -494), (-495, 618), (335, 1306), (-936, -1768)]
[(-449, 401), (335, 1306), (-936, -1768)]
[(-398, 435), (334, 1295), (-948, -1818)]
[(-398, 435), (284, 1181), (-735, -1282)]
[(-46, 152)]
[(-52, 156)]
[(-52, 156)]
[(-49, 180)]
[(-47, 158)]
[(-50, 134)]
[(-58, 202)]
[(-85, 222)]
[(-85, 222)]
[(-106, 341)]
[(-122, 416)]
[(-131, 337)]
[(-144, 438)]
[(-148, 464)]
[(-249, -506), (-26, 1633), (-244, 654)]
[(-147, -1198), (118, 323), (249, 1666)]
[(-147, -1198), (118, 323), (278, 1721)]
[(-148, -1384), (164, 274), (312, 1818)]
[(-162, -1462), (197, 451), (312, 1818)]
[(-147, -1523), (208, 245), (316, 1854)]
[(-132, -1579), (217, 58)]
[(-129, -1700), (259, 4)]
[(-146, -1775), (294, 156)]
[(-146, -1775), (294, 156)]
[(-145, -1911), (348, 93), (309, -983)]
[(-163, -1986), (417, 377)]
[(-139, -2056), (415, -10)]
[(-122, -2104), (414, -255)]
[(-133, -2140), (476, -42), (478, -1222)]
[(-903, -367), (478, -1222)]
[(-905, -751), (541, -1301)]
[(-970, -606), (595, -990)]
[(-970, -606), (600, -1337)]
[(-1199, 1146), (651, -1022)]
[(101, -2784), (514, -2246), (712, -982)]
[(-1369, 1554), (540, -2212)]
[(737, -41), (721, -1248)]
[(785, -100), (782, -1168)]
[(754, -389)]
[(818, -231)]
[(880, -79), (898, -1331)]
[(880, -79), (924, -1092)]
[(857, -249), (959, -1543)]
[(903, -251), (959, -1543)]
[(949, -250), (1020, -1625)]
[(949, -250), (1045, -1316)]
[(992, -269)]
[(1080, -80), (1139, -1439)]
[(1080, -80)]
[(1037, -302)]
[(1096, -297)]
[(1162, -255)]
[(1162, -255)]
[(1202, -266)]
[(1260, -235)]
[(1260, -235)]
[(1309, -202)]
[(1309, -202)]
[(1409, -20), (1443, -1118)]
[(1522, 136), (1479, -1040)]
[(1490, 29), (1479, -1040)]
[(1460, -73)]
[(1619, 206)]
[(1719, 352), (1534, -891)]
[(1703, 302), (1571, -1077)]
[(1831, 524), (1568, -892)]
[(1954, 737), (1587, -817)]
[(1943, 708), (1587, -817)]
[(2110, 995), (1606, -745)]
[(2097, 961), (1623, -670)]
[(2329, 1361), (1618, -501)]
[(2535, 1714), (1633, -562)]
[(2518, 1672), (1626, -363)]
[(3326, 3059), (1633, -391)]
[(3326, 3059), (1628, -259)]
[(1635, -286)]
[(1637, -176)]
[(1635, -111)]
[(-681, -3821), (1641, -136)]
[(-184, -3764), (1640, -101)]
[(-184, -3764), (1660, -156)]
[(97, -3844), (1674, -208)]
[(2034, 798), (1674, -208)]
[(95, -3844), (1689, -278)]
[(94, -3843), (1688, -251)]
[(-102, -4958), (1703, -307)]
[(-108, -4942), (1703, -302)]
[(-108, -4942), (1703, -307)]
[(-108, -4942), (1695, -279)]
[(-116, -4920), (1694, -265)]
[(-126, -4905), (1687, -237)]
[(-126, -4905), (1687, -237)]
[(-134, -4895), (1680, -224)]
[(-91, -4767), (1669, -238)]
[(-91, -4767), (1674, -352)]
[(-91, -4767), (1667, -323)]
[(-121, -4821), (1672, -434)]
[(-121, -4821), (1664, -405)]
[(-136, -4834), (1669, -512)]
[(-146, -4831), (1658, -555)]
[(-152, -4813), (1636, -464)]
[(-155, -4818), (1640, -599)]
[(-167, -4808), (1630, -670)]
[(-167, -4808), (1630, -670)]
[(-173, -4791), (1600, -543)]
[(-177, -4799), (1567, -486)]
[(-181, -4788), (1570, -647)]
[(-187, -4786), (1523, -430)]
[(-195, -4794), (1524, -586)]
[(-203, -4811), (1492, -617)]
[(-203, -4811), (1460, -462)]
[(-215, -4826), (1460, -462)]
[(-222, -4839), (1435, -522)]
[(-222, -4839), (1432, -784)]
[(-227, -4856), (1407, -649)]
[(-227, -4856), (1403, -924)]
[(-233, -4872), (1381, -1001)]
[(-233, -4872), (1369, -927)]
[(-202, -4809), (1369, -927)]
[(1347, -1003)]
[(1342, -1200)]
[(1324, -1082)]
[(1306, -1196)]
[(1299, -1404)]
[(1275, -1236)]
[(1275, -1236)]
[(-101, -2170), (1245, -1284)]
[(-101, -2170), (1237, -1456)]
[(-101, -2170), (1200, -1455)]
[(-97, -2159), (1174, -1244)]
[(-1693, 2570), (1164, -1412)]
[(-1573, 2216), (1113, -1285)]
[(-1674, 2806), (1113, -1285)]
[(-1574, 2699), (1080, -974)]
[(-1655, 3210), (1042, -940)]
[(-1467, 2589), (1022, -1168)]
[(-1312, 2072), (1005, -978)]
[(-1398, 2744), (975, -1289)]
[(-1304, 2902), (959, -1093)]
[(-1391, 3677), (910, -1294)]
[(-1219, 2977), (910, -1294)]
[(-1219, 2977), (857, -1382)]
[(-1152, 3052), (831, -1606)]
[(-1078, 3051), (815, -1304)]
[(-974, 2581), (815, -1304)]
[(-1002, 3040), (775, -1229)]
[(-1036, 3576), (737, -1195)]
[(-943, 3108), (702, -1446)]
[(-943, 3108), (696, -1239)]
[(-865, 3032), (652, -1538)]
[(-768, 2956), (592, -1680)]
[(-768, 2956), (590, -1501)]
[(-666, 3022), (590, -1501)]
[(-573, 2443), (538, -1597)]
[(-573, 2953), (499, -1838)]
[(-573, 2953), (500, -1603)]
[(-490, 2952), (459, -1844)]
[(-410, 2883), (462, -1564)]
[(-397, 3390), (443, -1353)]
[(-331, 2817), (443, -1353)]
[(-269, 2276), (409, -1239)]
[(-245, 2756), (358, -1493)]
[(309, -1589)]
[(319, -1333)]
[(319, -1333)]
[(263, -1424)]
[(325, -2117)]
[(282, -2143)]
[(282, -2143)]
[(253, -2151), (236, 1691)]
[(249, -2109), (212, 1505)]
[(200, -2201), (291, 2821), (212, 1505)]
[(147, -2221), (381, 2770), (139, -1109)]
[(147, -2221), (381, 2770)]
[(147, -2221), (381, 2770), (98, -1106)]
[(86, -2228), (469, 2660)]
[(7, -2253), (545, 2609)]
[(-23, -2152), (533, 2060)]
[(-24, -2154), (618, 2501)]
[(-83, -2055), (828, 2169)]
[(-106, -1979), (910, 2414)]
[(-106, -1979), (937, 2299)]
[(965, 2211), (-186, -1423)]
[(987, 2291), (-253, -1647)]
[(1010, 2199), (-213, -1354)]
[(721, 464), (1010, 2199), (-213, -1354)]
[(1066, 2183), (-231, -1277)]
[(-267, -1281)]
[(-335, -1491)]
[(-310, -1334)]
[(1503, 3914), (-396, -1592)]
[(1526, 3997), (-420, -1519)]
[(1526, 3994), (-420, -1519)]
[(1516, 4002), (-381, -1287)]
[(1502, 3913), (-381, -1170)]
[(1479, 3828), (-437, -1329)]
[(1479, 3828), (-390, -1064)]
[(1466, 3743), (-445, -1217)]
[(1490, 3829), (-433, -1149)]
[(1490, 3829), (-435, -1162)]
[(1503, 3916), (-493, -1320)]
[(1480, 3832), (-600, -1718)]
[(1506, 4011), (-600, -1718)]
[(1519, 4104), (-752, -2360)]
[(1520, 4197), (-794, -2481)]
[(1495, 4102), (-958, -3290)]
[(1459, 4011), (-1172, -4338)]
[(1459, 4011), (-1110, -4143)]
[(1435, 3921)]
[(1460, 4104), (-1215, -4900)]
[(1486, 4298)]
[(1436, 4105)]
[(1424, 4105)]
[]
[]
[]
[]
[]
[]
[(-177, -2180)]
[(-106, -2235)]
[(-56, -2080)]
[(-17, -2209), (1390, 4205)]
[(26, -2354), (1378, 4111)]
[(101, -2191), (1378, 4111)]
[(196, -2167), (1402, 4207)]
[(196, -2167), (1402, 4207)]
[(272, -2021), (1378, 4111)]
[(281, -2124), (1390, 4206)]
[(1390, 4207)]
[(376, -2023), (1341, 4011)]
[]
[]
[]
[]
[]
[(1378, 4205)]
[(1378, 4205)]
[(1379, 4210)]
[(1379, 4210)]
[(1379, 4210)]
[(1379, 4210)]
[(1379, 4210)]
[(1379, 4210)]
[(1379, 4210)]
[(1379, 4210)]
[(1379, 4210)]
[(1379, 4210)]
[(1379, 4210), (1590, -3959)]
[(1379, 4210), (1646, -3515)]
[(1379, 4210), (1646, -3515)]
[(1379, 4210), (1712, -3962)]
[(1379, 4210), (1690, -3203)]
[(1379, 4210), (1741, -3528)]
[(1379, 4210), (1795, -3300)]
[(1379, 4210), (1770, -2717)]
[(1391, 4306), (1823, -2650)]
[(1391, 4306), (1823, -2650)]
[(1391, 4306), (1918, -3146)]
[(1391, 4306), (1982, -3063)]
[(1391, 4306), (1982, -3063)]
[(1391, 4306), (2045, -2977)]
[(1379, 4210), (2000, -2422)]
[(1402, 4303), (2040, -2266)]
